1000	15031633	100
2000	39483354	100
5000	97040368	100
10000	184243455	100
20000	430522989	100
30000	831556811	100
40000	2108238518	100
50000	2559547612	100
60000	2657058301	100
80000	5553401197	100
100000	6505981040	100
120000	6681028006	100
140000	7477303229	100
160000	10926661026	100
180000	11216594732	100
200000	13499175710	100
220000	13140133063	100
240000	13477496431	100
260000	13986791220	100
280000	14857697087	100
300000	16508703267	100
1000	20401952	100
2000	39609984	100
5000	93003735	100
10000	219520248	100
20000	494622578	100
30000	648106887	100
40000	980743141	100
50000	1166690736	100
60000	1526735020	100
80000	7086361945	100
100000	18306910968	100
120000	42269269384	100
140000	18446744073709551615	100
160000	18446744073709551615	100
180000	18446744073709551615	100
200000	18446744073709551615	100
220000	18446744073709551615	100
240000	18446744073709551615	100
260000	18446744073709551615	100
280000	18446744073709551615	100
300000	18446744073709551615	100
