1000 210.98000000
2000 208.89200000
3000 222.55400000
4000 214.26700000
5000 213.95200000
6000 249.45300000
7000 227.44200000
8000 219.96200000
9000 395.45000000
10000 296.38600000
11000 295.38700000
12000 268.33400000
13000 261.52800000
14000 238.47100000
15000 303.23700000
16000 348.43200000
17000 544.93000000
18000 192.88500000
19000 300.66800000
20000 288.99400000
21000 405.54600000
22000 7763.12600000
23000 2965.10900000
24000 378.11600000
25000 488.49300000
26000 390.34800000
27000 428.57000000
28000 377.17000000
29000 389.15800000
30000 513.02100000
31000 552.83700000
32000 907.43800000
33000 2453.96200000
34000 6306.99500000
35000 14419.66200000
36000 20235.55200000
37000 40155.13200000
38000 32109.83400000
39000 29476.01000000
40000 29953.43900000
41000 29676.27800000
42000 27289.23300000
43000 27255.08600000
44000 29330.20200000
45000 28434.33600000
46000 32320.18300000
47000 35071.83800000
48000 29830.77600000
49000 26987.07300000
50000 36072.98500000
51000 27828.11300000
52000 24527.75900000
53000 24548.76400000
54000 25217.65200000
55000 25178.98900000
56000 25251.47800000
57000 25620.68900000
58000 23712.62400000
59000 25147.37100000
60000 23118.85600000
61000 26928.04600000
62000 29206.81300000
63000 26244.95700000
64000 29097.61300000
65000 32465.19800000
66000 41409.71900000
67000 35860.87800000
68000 34653.29900000
69000 36027.30800000
70000 36399.11200000
71000 38356.67000000
72000 38674.82000000
73000 37629.74800000
74000 38840.64900000
75000 37296.65900000
76000 44222.02700000
77000 46819.96000000
78000 53205.20300000
79000 58678.63400000
80000 65326.51100000
81000 72220.34800000
82000 75706.38000000
83000 69859.49200000
84000 72657.56800000
85000 82307.59300000
86000 73710.32500000
87000 80051.12500000
88000 129995.36300000
89000 85850.50400000
90000 88799.30500000
91000 85719.20200000
92000 89840.87500000
93000 84507.77700000
94000 66885.07300000
95000 90457.33000000
96000 86330.48800000
97000 114433.22000000
98000 87649.54300000
99000 70981.04900000
100000 49930.39800000
101000 51959.99200000
102000 101298.31500000
103000 123686.76700000
104000 96736.87800000
105000 49449.32500000
106000 60200.65900000
107000 91515.87500000
108000 77595.95100000
109000 109936.87700000
110000 84183.35100000
111000 72021.35900000
112000 64080.97700000
113000 67232.44300000
114000 89742.12900000
115000 98578.61600000
116000 122538.69600000
117000 116481.69200000
118000 78900.34000000
119000 90422.56300000
120000 102071.53000000
121000 85660.51100000
122000 60669.09200000
123000 151306.26600000
124000 48747.51500000
125000 46372.41700000
126000 76162.34300000
127000 78654.45400000
128000 79688.13200000
129000 82498.71500000
130000 103084.17300000
131000 103655.15500000
132000 90824.79000000
133000 72986.63600000
134000 56909.45900000
135000 63620.04500000
136000 76125.53000000
137000 66201.48000000
138000 53953.69500000
139000 97884.01100000
140000 65714.62700000
141000 71503.56200000
142000 70460.35900000
143000 98961.14100000
144000 97934.06300000
145000 106515.23500000
146000 96039.66000000
147000 91146.51100000
148000 80170.05000000
149000 71306.45200000
150000 72447.71700000
151000 76274.26700000
152000 73419.72500000
153000 64572.66800000
154000 63215.68000000
155000 62817.50700000
156000 90812.69300000
157000 87998.31900000
158000 82837.40500000
159000 80646.61900000
160000 65869.87000000
161000 92421.36500000
162000 71457.91100000
163000 75987.18600000
164000 65597.58100000
165000 64916.19300000
166000 53683.00800000
167000 49851.97000000
168000 52131.91200000
169000 63156.29000000
170000 75661.32800000
171000 57815.23100000
172000 59617.04600000
173000 64176.90300000
174000 61767.80000000
175000 65209.30900000
176000 50321.77800000
177000 53398.36900000
178000 50447.83100000
179000 53912.47900000
180000 52842.59300000
181000 61304.98800000
182000 53406.52800000
183000 52268.36700000
184000 67379.38400000
185000 53974.11700000
186000 81895.54800000
187000 90829.77400000
188000 91236.74800000
189000 57273.10400000
190000 55251.71800000
191000 63597.50600000
192000 57509.88600000
193000 62318.47200000
194000 57960.92600000
195000 59489.65100000
196000 60418.61600000
197000 57924.60000000
198000 56967.73500000
199000 75739.82200000
200000 79098.52500000
201000 74547.79100000
202000 75620.02600000
203000 87011.34600000
204000 92124.66300000
205000 87455.98900000
206000 68233.98900000
207000 59392.17900000
208000 60760.14000000
209000 73864.23600000
210000 61959.64800000
211000 61883.52500000
212000 59383.25500000
213000 65338.79300000
214000 76865.35000000
215000 76783.27400000
216000 86398.85500000
217000 84118.67100000
218000 70681.34400000
219000 64118.05700000
220000 82850.35700000
221000 79564.95600000
222000 73710.42500000
223000 72847.35900000
224000 68318.92900000
225000 61656.83300000
226000 73394.39900000
227000 66411.71300000
228000 70115.08800000
229000 66265.40700000
230000 66082.53000000
231000 69645.40900000
232000 60353.00200000
233000 65223.36700000
234000 69433.33200000
235000 67436.52600000
236000 67002.26200000
237000 61369.31000000
238000 61534.68300000
239000 57373.10300000
240000 58919.19100000
241000 61160.44400000
242000 60222.60700000
243000 59422.42200000
244000 62414.32000000
245000 77040.55900000
246000 77013.30000000
247000 66393.51900000
248000 69481.33500000
249000 60815.29300000
250000 60643.15100000
251000 59791.54900000
252000 65871.47700000
253000 84227.55900000
254000 59038.29500000
255000 57111.73000000
256000 58379.59500000
257000 59868.42900000
258000 58848.16200000
259000 59718.38600000
260000 62415.93800000
261000 73439.53400000
262000 63645.00700000
263000 60356.34400000
264000 118255.36300000
265000 93107.97700000
266000 89151.04100000
267000 74580.73900000
268000 68901.80000000
269000 63385.58300000
270000 63446.94500000
271000 65941.37300000
272000 58269.95700000
273000 109923.38100000
274000 107214.65800000
275000 59418.33300000
276000 62125.43300000
277000 68714.44700000
278000 64285.03000000
279000 63330.75100000
280000 60757.78100000
281000 67530.52900000
282000 74306.15800000
283000 122334.08000000
284000 96697.49500000
285000 94780.88400000
286000 89328.66500000
287000 80846.34700000
288000 69232.73900000
289000 117411.31800000
290000 103685.50300000
291000 105209.86600000
292000 109841.92800000
293000 75391.70700000
294000 102944.70200000
295000 140575.52100000
296000 147466.46100000
297000 126524.20700000
298000 89861.17900000
299000 115673.95400000
300000 102060.94700000
301000 89759.25000000
302000 73633.90300000
303000 78577.21700000
304000 73816.67300000
305000 82400.00600000
306000 85495.29800000
307000 89054.10100000
308000 75026.92500000
309000 69586.82200000
310000 68962.23700000
311000 61327.94800000
312000 67439.34200000
313000 72921.34500000
314000 64291.49900000
315000 70639.97100000
316000 66256.69200000
317000 63227.49600000
318000 62936.84500000
319000 63699.09600000
320000 70568.12400000
321000 88930.93100000
322000 70523.55700000
323000 72530.24700000
324000 69812.23500000
325000 57505.95300000
326000 57647.87600000
327000 59539.15000000
328000 81112.06900000
329000 58207.36900000
330000 58065.65800000
331000 93648.94600000
332000 93686.35000000
333000 66259.07900000
334000 86122.71200000
335000 83854.62400000
336000 72059.46300000
337000 75643.39300000
338000 73502.82400000
339000 59952.87000000
340000 142894.73800000
341000 133884.77400000
342000 128381.03600000
343000 92932.11600000
344000 87262.06100000
345000 97393.62800000
346000 90771.03500000
347000 85117.97100000
348000 74097.37600000
349000 62155.30800000
350000 58681.20800000
351000 56254.69500000
352000 66724.63400000
353000 106396.31100000
354000 99456.94400000
355000 88799.90400000
356000 90371.17900000
357000 64609.11700000
358000 117060.70300000
359000 139237.18500000
360000 83399.39700000
361000 82152.75700000
362000 56353.38000000
363000 59622.10800000
364000 79502.25300000
365000 80705.07300000
366000 53770.20200000
367000 98452.01100000
368000 98034.36900000
369000 88596.94000000
370000 92088.38700000
371000 89814.91400000
372000 83205.22000000
373000 84857.50800000
374000 70806.12300000
375000 72855.31500000
376000 79787.89200000
377000 77848.69600000
378000 59548.84400000
379000 83526.80600000
380000 53510.36400000
381000 49990.40900000
382000 57762.40700000
383000 50446.95500000
384000 65047.51800000
385000 74997.34800000
386000 70852.77000000
387000 54046.04000000
388000 76296.50800000
389000 70409.91200000
390000 51228.83500000
391000 54528.35400000
392000 55930.98000000
393000 48234.65200000
394000 62921.25100000
395000 54164.09400000
396000 67767.16000000
397000 74695.40200000
398000 54110.87300000
399000 52882.91600000
400000 48565.56500000
401000 59684.95600000
402000 75324.74000000
403000 44966.70000000
404000 59693.09400000
405000 58111.18400000
406000 53072.68900000
407000 64394.45700000
408000 62438.57300000
409000 55834.10600000
410000 48828.41200000
411000 52297.86700000
412000 96135.20300000
413000 110578.93900000
414000 102690.45200000
415000 67933.98900000
416000 56763.42300000
417000 51410.97800000
418000 53748.37600000
419000 55911.93300000
420000 62492.83000000
421000 49835.57400000
422000 60041.75900000
423000 54495.74300000
424000 73630.43500000
425000 69807.26600000
426000 76646.61000000
427000 100999.19400000
428000 101803.53700000
429000 81086.02200000
430000 93301.85000000
431000 73627.06200000
432000 65585.81300000
433000 89842.16200000
434000 83142.82900000
435000 105767.96700000
436000 103328.43700000
437000 100100.30400000
438000 110075.87600000
439000 117525.17000000
440000 117370.44800000
441000 85279.93800000
442000 83295.99800000
443000 88134.50900000
444000 108491.95900000
445000 104423.14900000
446000 118461.02500000
447000 113521.67600000
448000 107325.35600000
449000 115317.06200000
450000 114239.24200000
451000 116887.57900000
452000 113743.48600000
453000 113791.75600000
454000 117048.86900000
455000 86252.40800000
456000 77297.64900000
457000 85297.26400000
458000 80359.48200000
459000 74017.60900000
460000 71675.06400000
461000 54572.20800000
462000 55376.51800000
463000 65346.24200000
464000 77756.96100000
465000 86596.81100000
466000 80791.06100000
467000 105106.90300000
468000 75173.36800000
469000 71139.46300000
470000 78210.21600000
471000 69228.62400000
472000 86702.70500000
473000 101649.09600000
474000 73914.47700000
475000 51391.56200000
476000 54533.49000000
477000 66043.29200000
478000 55168.93700000
479000 56518.76500000
480000 82122.10300000
481000 90625.71200000
482000 71314.84300000
483000 73503.20100000
484000 84289.19600000
485000 66704.83600000
486000 58274.60400000
487000 50679.74900000
488000 62874.43100000
489000 55165.13800000
490000 54931.37700000
491000 77460.31900000
492000 58349.30800000
493000 101170.55100000
494000 101965.04600000
495000 96535.55900000
496000 103622.26700000
497000 105274.59400000
498000 112562.86900000
499000 101138.97600000
500000 121102.25100000
501000 80249.26400000
502000 71279.60500000
503000 59097.30000000
504000 88963.72000000
505000 73145.40500000
506000 72313.36900000
507000 71713.35700000
508000 71568.98700000
509000 69806.91300000
510000 74218.61800000
511000 67717.10800000
512000 68317.74400000
513000 62928.81800000
514000 66733.88800000
515000 66022.20500000
516000 74672.56400000
517000 75693.12200000
518000 101331.75900000
519000 69874.54300000
520000 71818.15400000
521000 68435.37700000
522000 66989.80700000
523000 107841.67400000
524000 102921.78600000
525000 98788.08100000
526000 101576.30100000
527000 99243.10000000
528000 102368.83000000
529000 75471.38100000
530000 83161.46100000
531000 74446.76300000
532000 58986.07800000
533000 96595.47300000
534000 103852.16300000
535000 82473.72800000
536000 72681.32100000
537000 87800.14800000
538000 90261.97100000
539000 80821.03300000
540000 66299.38800000
541000 79323.24300000
542000 57674.57000000
543000 57889.90600000
544000 59197.71800000
545000 56417.36600000
546000 66113.14200000
547000 74097.38200000
548000 60085.53100000
549000 69258.61400000
550000 92908.55100000
551000 96579.38900000
552000 86877.03300000
553000 114381.94800000
554000 83634.85600000
555000 92907.32000000
556000 91372.03700000
557000 63968.67300000
558000 80110.67600000
559000 144635.31500000
560000 123983.90900000
561000 116306.17000000
562000 114377.16800000
563000 93064.67900000
564000 80638.69500000
565000 74921.61400000
566000 114221.44900000
567000 79195.68800000
568000 86522.05100000
569000 120405.20000000
570000 91594.83300000
571000 81321.12500000
572000 76466.01300000
573000 79631.09700000
574000 100883.37500000
575000 97407.86100000
576000 81831.17700000
577000 80937.81300000
578000 77459.42400000
579000 87572.76300000
580000 59839.18200000
581000 66282.46700000
582000 83250.82400000
583000 77902.79100000
584000 58701.01800000
585000 59093.48400000
586000 68058.14400000
587000 77815.52700000
588000 80038.87600000
589000 59262.46800000
590000 67765.78600000
591000 71285.79100000
592000 78710.66000000
593000 70394.97100000
594000 74941.72500000
595000 65095.08600000
596000 63504.41700000
597000 102239.72200000
598000 57895.77600000
599000 68416.95900000
600000 58622.53000000
601000 63273.32400000
602000 69197.67400000
603000 71574.36900000
604000 72251.47000000
605000 81069.93400000
606000 93752.06400000
607000 121964.64400000
608000 115173.29000000
609000 117407.07100000
610000 96736.08400000
611000 71978.49300000
612000 86850.39300000
613000 71285.86900000
614000 77361.77600000
615000 69771.83000000
616000 80882.80900000
617000 95413.52600000
618000 85836.54800000
619000 84251.02400000
620000 69449.88400000
621000 71741.02200000
622000 67363.07000000
623000 95500.63100000
624000 87835.78300000
625000 83816.09900000
626000 61446.31600000
627000 77037.29000000
628000 75723.38600000
629000 73577.04300000
630000 86510.55900000
631000 88818.02100000
632000 84871.01400000
633000 85220.25000000
634000 100439.60400000
635000 100005.44600000
636000 79322.96700000
637000 81112.62300000
638000 72553.53300000
639000 77077.21900000
640000 78232.36000000
641000 77010.32800000
642000 83335.84200000
643000 74746.18600000
644000 64931.53000000
645000 61135.78700000
646000 61419.29000000
647000 71412.63400000
648000 64210.10400000
649000 62492.93100000
650000 87909.09700000
651000 86746.03700000
652000 90235.23900000
653000 113308.44600000
654000 110764.28900000
655000 88041.09100000
656000 97264.96100000
657000 77300.67700000
658000 108780.64800000
659000 99038.59000000
660000 107939.53900000
661000 94049.42200000
662000 92569.22700000
663000 77334.01500000
664000 78884.66500000
665000 76384.49600000
666000 84054.80300000
667000 66196.65600000
668000 74778.90500000
669000 73224.05500000
670000 70430.22300000
671000 89685.81100000
672000 92462.54500000
673000 79710.25400000
674000 84792.48500000
675000 84216.77800000
676000 77293.47400000
677000 73681.71300000
678000 66040.25300000
679000 63792.80200000
680000 74284.65200000
681000 59201.82500000
682000 57912.28700000
683000 59940.96100000
684000 58293.42800000
685000 62486.27300000
686000 67983.72900000
687000 65811.61800000
688000 60911.30900000
689000 73820.38600000
690000 57690.64600000
691000 64639.28200000
692000 91303.30900000
693000 83134.10000000
694000 84135.49400000
695000 95643.62500000
696000 85611.22000000
697000 62183.18000000
698000 58657.22000000
699000 83192.38700000
700000 81031.56600000
701000 90259.12200000
702000 78207.53100000
703000 72729.93400000
704000 70975.56200000
705000 77819.56900000
706000 73045.45000000
707000 75823.29000000
708000 72756.30500000
709000 73634.45000000
710000 72969.94800000
711000 84703.03900000
712000 69975.26900000
713000 60759.15900000
714000 57169.47200000
715000 74461.14200000
716000 78344.61500000
717000 75932.97600000
718000 74988.12200000
719000 58474.71800000
720000 55713.63100000
721000 70153.00700000
722000 57011.49500000
723000 59513.62300000
724000 56951.50600000
725000 57388.47500000
726000 56429.66800000
727000 57876.80200000
728000 64919.94900000
729000 66655.55900000
730000 68562.78700000
731000 64510.54800000
732000 73257.84000000
733000 65482.81700000
734000 58566.68400000
735000 67326.66300000
736000 55759.32500000
737000 65781.96600000
738000 64229.08900000
739000 56738.42600000
740000 57548.15800000
741000 61596.50900000
742000 68833.93700000
743000 66706.21700000
744000 66696.41000000
745000 68754.24600000
746000 77677.89900000
747000 83106.84700000
748000 69882.79100000
749000 70809.71900000
750000 56557.12100000
751000 57872.13200000
752000 76151.70600000
753000 64002.75000000
754000 60529.29300000
755000 57400.60500000
756000 54928.81400000
757000 57212.22900000
758000 54166.53600000
759000 53389.95600000
760000 55039.64400000
761000 57918.12500000
762000 72132.35600000
763000 59021.47700000
764000 55194.38500000
765000 65253.61100000
766000 62112.74000000
767000 61343.03400000
768000 60977.39500000
769000 59489.38200000
770000 59474.71500000
771000 60094.41000000
772000 53317.47600000
773000 54775.73800000
774000 55314.15700000
775000 60666.21400000
776000 55256.79100000
777000 55719.19300000
778000 55048.55000000
779000 63204.57000000
780000 54252.60700000
781000 54298.08600000
782000 54280.91800000
783000 51690.17700000
784000 61773.25700000
785000 55297.75900000
786000 59070.58200000
787000 57189.83200000
788000 60523.08400000
789000 53991.78300000
790000 54239.56400000
791000 51335.05700000
792000 54821.77900000
793000 51331.95800000
794000 52033.72300000
795000 62570.59400000
796000 61155.70300000
797000 67556.95100000
798000 63446.17100000
799000 81201.94000000
800000 79248.00900000
801000 85362.53700000
802000 67201.45700000
803000 60331.24600000
804000 65757.17600000
805000 72737.74600000
806000 69232.70000000
807000 78413.40500000
808000 129191.18600000
809000 107968.11000000
810000 79315.02400000
811000 84042.14700000
812000 70429.30000000
813000 55129.36000000
814000 55473.63200000
815000 71627.82500000
816000 69450.28000000
817000 70533.21100000
818000 69045.26400000
819000 56180.98000000
820000 64674.15600000
821000 57574.83900000
822000 67273.41500000
823000 75672.61900000
824000 60851.47400000
825000 55061.55100000
826000 64728.88500000
827000 58561.59100000
828000 57450.15800000
829000 74874.48300000
830000 61919.15000000
831000 57531.32100000
832000 61384.15600000
833000 55375.87400000
834000 108428.75000000
835000 98341.40400000
836000 81913.26300000
837000 82562.89000000
838000 64413.89600000
839000 71548.14200000
840000 82965.66400000
841000 87752.01900000
842000 67082.23300000
843000 55105.69500000
844000 67185.12100000
845000 56915.74300000
846000 50130.95700000
847000 54579.21100000
848000 61818.28600000
849000 67725.34300000
850000 52643.41300000
851000 52437.90900000
852000 73189.92400000
853000 73205.84500000
854000 67493.94600000
855000 53757.47300000
856000 58271.51800000
857000 58323.12900000
858000 55492.18200000
859000 57349.19900000
860000 60554.92400000
861000 59162.07400000
862000 57876.51800000
863000 55682.29200000
864000 62726.34100000
865000 49395.85400000
866000 51147.13000000
867000 56011.13200000
868000 57430.31600000
869000 58685.31200000
870000 57993.00400000
871000 47080.22700000
872000 50882.46000000
873000 95436.17900000
874000 51298.76100000
875000 58226.90500000
876000 63801.86200000
877000 55082.94200000
878000 47077.62000000
879000 44183.51700000
880000 48304.08700000
881000 60442.24200000
882000 49046.64300000
883000 47384.45600000
884000 44627.05800000
885000 57546.81800000
886000 45266.25800000
887000 46810.49700000
888000 62824.25000000
889000 44641.89300000
890000 45293.07800000
891000 49120.29400000
892000 45922.84000000
893000 55440.44300000
894000 44270.38300000
895000 50561.77700000
896000 47881.43500000
897000 48534.30300000
898000 57454.74800000
899000 46517.11900000
900000 52849.43400000
901000 71837.88000000
902000 80645.58900000
903000 69355.35400000
904000 64651.76800000
905000 65227.01300000
906000 68247.29100000
907000 60650.68800000
908000 48252.12400000
909000 46184.26600000
910000 65067.48800000
911000 51841.08600000
912000 51286.87600000
913000 53557.52100000
914000 46885.17800000
915000 93831.27600000
916000 53606.52200000
917000 49904.38000000
918000 55123.94400000
919000 67157.24900000
920000 51636.74700000
921000 54014.32400000
922000 61408.38900000
923000 65450.83900000
924000 58071.79500000
925000 53605.71300000
926000 53166.23900000
927000 60806.03600000
928000 52445.52100000
929000 54639.85600000
930000 53194.94200000
931000 55539.27000000
932000 61559.04200000
933000 55105.84300000
934000 57289.42200000
935000 52402.08600000
936000 56269.12100000
937000 55556.84600000
938000 49042.40100000
939000 41954.32500000
940000 56592.32500000
941000 49261.32000000
942000 48682.18300000
943000 51763.82000000
944000 47225.45200000
945000 48717.93100000
946000 58213.06700000
947000 63176.19300000
948000 70212.94100000
949000 83284.65000000
950000 73536.87000000
951000 82410.26700000
952000 68239.79900000
953000 69274.89500000
954000 61919.41400000
955000 76098.64800000
956000 78685.51800000
957000 76683.78000000
958000 58644.38200000
959000 69196.06800000
960000 73957.58100000
961000 69916.37300000
962000 72679.39100000
963000 64386.73900000
964000 68028.25100000
965000 58562.89000000
966000 55206.64100000
967000 59468.09600000
968000 68575.57600000
969000 70392.64400000
970000 66535.45100000
971000 69171.32400000
972000 74055.92600000
973000 69591.86600000
974000 72801.97500000
975000 70940.82000000
976000 62690.98400000
977000 58221.07000000
978000 53342.56600000
979000 71786.71300000
980000 66185.69500000
981000 63389.45500000
982000 61230.48700000
983000 63175.91000000
984000 59238.96200000
985000 60283.45100000
986000 44331.62700000
987000 55576.83400000
988000 49877.13400000
989000 45828.61300000
990000 46637.58200000
991000 45007.36900000
992000 49451.85700000
993000 47709.63400000
994000 60392.92900000
995000 54953.90700000
996000 45301.35300000
997000 54060.24100000
998000 49976.40700000
999000 51015.94800000
1000000 46278.63700000
1001000 50432.52900000
1002000 46764.22100000
1003000 48360.89600000
1004000 62001.53600000
1005000 59696.20600000
1006000 75849.27100000
1007000 70745.45700000
1008000 66954.35900000
1009000 62826.88100000
1010000 56449.52200000
1011000 67509.92800000
1012000 74805.29800000
1013000 62485.10300000
1014000 62057.88500000
1015000 66861.73300000
1016000 95812.85800000
1017000 59853.85200000
1018000 57039.13000000
1019000 60623.38500000
1020000 71855.41000000
1021000 49748.72800000
1022000 49544.42400000
1023000 54797.98600000
1024000 87543.40700000
1025000 90172.19000000
1026000 74516.42000000
1027000 83206.71100000
1028000 80066.71300000
1029000 56312.10300000
1030000 53015.34300000
1031000 66593.08800000
1032000 64472.23900000
1033000 60222.69600000
1034000 74544.01400000
1035000 59994.90600000
1036000 67262.37400000
1037000 50222.83900000
1038000 55976.55200000
1039000 62597.09400000
1040000 63611.03400000
1041000 81828.25600000
1042000 86244.23400000
1043000 51904.35400000
1044000 56578.03300000
1045000 47718.42000000
1046000 57814.50000000
1047000 77581.08500000
1048000 75109.63600000
1049000 56790.73800000
1050000 68884.70600000
1051000 53011.72000000
1052000 57314.58300000
1053000 74486.74500000
1054000 111004.32500000
1055000 65542.10700000
1056000 59183.98800000
1057000 78119.80100000
1058000 72088.52600000
This item is represented 16 times in the filter. Both buckets filled by the same fingerprint - cuckoo not possible
Params: 0x562687ee27f0 142 161 158 00000000000000000000000001101000 1

Bucket full or something, error: Bucket capacity reached
