1000 256.40400000
2000 241.80500000
3000 257.33600000
4000 270.74800000
5000 1245.40800000
6000 443.66100000
7000 387.23700000
8000 403.93700000
9000 419.27400000
10000 282.51800000
11000 284.89000000
12000 307.56900000
13000 286.12100000
14000 335.92200000
15000 333.71700000
16000 282.03100000
17000 272.44600000
18000 254.75000000
19000 300.56300000
20000 418.27100000
21000 400.60100000
22000 341.49000000
23000 404.80000000
24000 520.76800000
25000 714.96700000
26000 500.27400000
27000 485.83800000
28000 565.11200000
29000 581.41300000
30000 653.76400000
31000 523.88800000
32000 567.27600000
33000 676.68000000
34000 689.35600000
35000 551.27900000
36000 497.20300000
37000 573.23600000
38000 449.85500000
39000 440.36400000
40000 359.93400000
41000 343.00400000
42000 356.99400000
43000 283.91300000
44000 324.05900000
45000 312.75400000
46000 306.76700000
47000 322.06700000
48000 351.60500000
49000 302.08500000
50000 302.22700000
51000 265.25900000
52000 277.03200000
53000 292.60900000
54000 293.76200000
55000 322.56200000
56000 433.32500000
57000 371.51600000
58000 397.15900000
59000 510.18800000
60000 340.04600000
61000 340.27800000
62000 361.59000000
63000 312.90800000
64000 299.00300000
65000 279.61200000
66000 325.62400000
67000 291.52700000
68000 349.27300000
69000 321.84400000
70000 314.80800000
71000 348.30100000
72000 317.71800000
73000 317.22400000
74000 309.05700000
75000 306.20200000
76000 315.41400000
77000 325.93300000
78000 340.23000000
79000 351.53700000
80000 322.25700000
81000 358.66500000
82000 388.13200000
83000 367.99100000
84000 405.90100000
85000 449.07200000
86000 470.57900000
87000 515.82600000
88000 568.10000000
89000 597.03400000
90000 700.93600000
91000 662.18500000
92000 734.03200000
93000 715.50200000
94000 905.56200000
95000 1067.69900000
96000 1060.74400000
97000 1319.19600000
98000 1490.04800000
99000 1277.94300000
100000 1532.43100000
101000 1670.44600000
102000 1442.85500000
103000 1567.19700000
104000 1647.83200000
105000 1976.19800000
106000 1844.57000000
107000 2121.56400000
108000 2049.07000000
109000 2171.53700000
110000 2571.62200000
111000 1912.06600000
112000 2369.74800000
113000 2164.02400000
114000 2295.75500000
115000 2033.13000000
116000 1776.60900000
117000 1425.01200000
118000 1761.28500000
119000 2069.80000000
120000 1949.33600000
121000 1979.68800000
122000 2585.13700000
123000 2598.93100000
124000 2260.29900000
125000 2385.47900000
126000 2638.15600000
127000 2752.19400000
128000 2198.12600000
129000 2639.24800000
130000 2582.89800000
131000 2767.98000000
132000 2494.39500000
133000 2532.84800000
134000 3040.18900000
135000 2647.63200000
136000 3150.52900000
137000 3371.49100000
138000 3195.82700000
139000 3033.60100000
140000 3621.66200000
141000 3571.02100000
142000 3938.35500000
143000 3548.34600000
144000 4216.16200000
145000 4521.14600000
146000 3470.42600000
147000 3754.18400000
148000 3181.70500000
149000 4071.25500000
150000 3698.68800000
151000 4002.17000000
152000 3333.18800000
153000 4168.29700000
154000 3762.30600000
155000 4222.30800000
156000 4862.03600000
157000 4148.77000000
158000 4013.04100000
159000 4022.92200000
160000 4208.97100000
161000 4388.02700000
162000 5073.71800000
163000 4608.66900000
164000 5223.23100000
165000 6031.09900000
166000 4424.12500000
167000 4647.72900000
168000 5911.66200000
169000 5535.43200000
170000 5726.14400000
171000 5296.71300000
172000 6591.61000000
173000 6488.47300000
174000 6219.80800000
175000 5665.43100000
176000 5372.44600000
177000 6546.55800000
178000 5963.59300000
179000 6142.33000000
180000 6239.25800000
181000 5971.54400000
182000 6045.09000000
183000 5641.38800000
184000 6097.41900000
185000 6336.88300000
186000 6766.78800000
187000 5852.58500000
188000 7759.65900000
189000 6371.68200000
190000 7030.10200000
191000 6592.03600000
192000 7024.39400000
193000 5854.60900000
194000 6488.46600000
195000 7599.54800000
196000 5503.92900000
197000 7580.56900000
198000 7274.35200000
199000 6597.03500000
200000 5824.41200000
201000 6359.02600000
202000 6284.58900000
203000 6349.94400000
204000 6516.67400000
205000 6536.05300000
206000 5937.42600000
207000 7980.80800000
208000 6282.71200000
209000 6255.35300000
210000 6356.82400000
211000 6074.68500000
212000 6777.51700000
213000 5419.03100000
214000 5215.73300000
215000 6538.50800000
216000 6124.65800000
217000 6281.97800000
218000 6651.54200000
219000 7169.21600000
220000 7585.81200000
221000 7160.20600000
222000 10107.28100000
223000 9284.04400000
224000 9717.26300000
225000 8413.33800000
226000 8259.24900000
227000 7571.50500000
228000 7068.13400000
229000 6294.12100000
230000 7225.20800000
231000 6813.33000000
232000 6801.31500000
233000 6007.97500000
234000 5433.87000000
235000 5153.76300000
236000 4865.52100000
237000 4523.83100000
238000 4404.74200000
239000 4522.57100000
240000 4512.59900000
241000 3713.62300000
242000 4159.78300000
243000 3397.69100000
244000 2898.54200000
245000 3126.65700000
246000 2657.40600000
247000 2944.92200000
248000 3226.67700000
249000 2614.39800000
250000 3350.16600000
251000 3207.75700000
252000 3750.23000000
253000 2540.37400000
254000 2816.32900000
255000 2744.60000000
256000 2095.58200000
257000 2566.18600000
258000 2292.99300000
259000 2652.29200000
260000 2375.60500000
261000 2490.87100000
262000 2595.34500000
263000 3113.99400000
264000 2490.74600000
265000 2817.39500000
266000 2927.87300000
267000 2586.28600000
268000 2478.55300000
269000 2666.85600000
270000 2862.63500000
271000 3290.63100000
272000 2884.06900000
273000 3115.53900000
274000 2939.40800000
275000 2928.04000000
276000 3260.58200000
277000 2904.57300000
278000 2587.03300000
279000 3563.77100000
280000 2692.87100000
281000 2507.69000000
282000 2787.84400000
283000 2667.99700000
284000 2627.88700000
285000 2883.84000000
286000 2650.91200000
287000 3921.45100000
288000 3024.01700000
289000 2610.15600000
290000 2639.27800000
291000 2542.48400000
292000 3120.49600000
293000 3014.48900000
294000 2880.84700000
295000 3188.27400000
296000 4095.02600000
297000 3870.05300000
298000 4096.71000000
299000 4380.15400000
300000 5036.93100000
301000 4705.36300000
302000 4693.21100000
303000 4081.94900000
304000 4579.54500000
305000 3454.85800000
306000 5207.76700000
307000 3879.36200000
308000 3857.33300000
309000 3717.22300000
310000 4373.85100000
311000 4260.83400000
312000 4798.74700000
313000 3679.36500000
314000 4050.74100000
315000 6183.41900000
316000 4546.66900000
317000 4535.11500000
318000 3482.89800000
319000 3553.78200000
320000 3736.20100000
321000 3931.61600000
322000 3669.89200000
323000 3690.74200000
324000 4347.71300000
325000 3506.37000000
326000 4169.67200000
327000 4877.29900000
328000 4995.76200000
329000 5299.44100000
330000 3710.86900000
331000 5022.41800000
332000 3757.01400000
333000 4590.15700000
334000 5746.72400000
335000 4025.65600000
336000 4955.97500000
337000 4210.68100000
338000 5341.10700000
339000 4320.99100000
340000 4155.08300000
341000 4065.77600000
342000 3599.85000000
343000 3978.12400000
344000 4138.41000000
345000 4270.73200000
346000 4105.99600000
347000 3989.02600000
348000 4447.71500000
349000 3593.34400000
350000 3706.69400000
351000 4284.47300000
352000 4166.66400000
353000 3765.12700000
354000 3820.98100000
355000 2982.92100000
356000 4450.27800000
357000 3966.82800000
358000 3702.17700000
359000 4074.04400000
360000 4806.14500000
361000 2591.47700000
362000 4602.81700000
This item is represented 16 times in the filter. Both buckets filled by the same fingerprint - cuckoo not possible
Params: 0x55bca156db70 220 44 146 00000000000000000000000000111101 1

Bucket full or something, error: Bucket capacity reached
