1000 251.47000000
2000 208.04400000
3000 249.73600000
4000 222.87000000
5000 296.53400000
6000 214.53600000
7000 299.69900000
8000 233.39500000
9000 453.87800000
10000 236.49500000
11000 275.23200000
12000 227.13300000
13000 267.08400000
14000 266.79600000
15000 299.45400000
16000 220.80400000
17000 281.53400000
18000 219.56300000
19000 320.91600000
20000 230.53400000
21000 285.86200000
22000 232.87100000
23000 275.45500000
24000 230.26300000
25000 279.12500000
26000 244.98100000
27000 277.47300000
28000 251.94000000
29000 286.29000000
30000 311.59100000
31000 346.88300000
32000 277.63000000
33000 549.52900000
34000 297.89400000
35000 301.29400000
36000 348.61000000
37000 406.23500000
38000 285.11600000
39000 332.60600000
40000 261.80400000
41000 286.72600000
42000 313.44000000
43000 235.81100000
44000 327.35300000
45000 397.27900000
46000 340.80800000
47000 307.33400000
48000 322.26200000
49000 280.98900000
50000 330.08000000
51000 398.79300000
52000 444.93800000
53000 348.64300000
54000 454.16900000
55000 423.96500000
56000 591.84100000
57000 394.86500000
58000 433.64400000
59000 538.20200000
60000 501.68700000
61000 545.03300000
62000 711.71300000
63000 765.49100000
64000 707.06000000
65000 867.63800000
66000 1334.89200000
67000 2149.85400000
68000 2133.95600000
69000 2380.69700000
70000 2988.53200000
71000 3004.08200000
72000 3243.02700000
73000 3994.94000000
74000 4530.55700000
75000 4869.81200000
76000 6237.44300000
77000 6660.85000000
78000 8393.81300000
79000 9510.91800000
80000 10560.14400000
81000 11000.08200000
82000 12551.35400000
83000 12662.79700000
84000 16533.77600000
85000 17896.52500000
86000 15118.80700000
87000 13260.10700000
88000 13829.05400000
89000 12152.95900000
90000 12954.01800000
91000 12164.66100000
92000 11313.45600000
93000 12221.31600000
94000 12239.51300000
95000 11924.72400000
96000 14197.95600000
97000 12608.17700000
98000 12071.19800000
99000 11548.61400000
100000 12873.28900000
101000 11709.84500000
102000 11866.15600000
103000 12219.21800000
104000 11128.07900000
105000 12994.16000000
106000 15810.34800000
107000 16299.33700000
108000 18345.95000000
109000 18714.00200000
110000 18473.94400000
111000 17877.61100000
112000 19139.70000000
113000 17170.10800000
114000 18787.25200000
115000 15132.45600000
116000 16788.61900000
117000 16147.33100000
118000 17635.14800000
119000 23230.67700000
120000 30606.63700000
121000 21368.18900000
122000 21033.43000000
123000 24380.61100000
124000 19376.19200000
125000 18872.52000000
126000 19431.21300000
127000 22963.38600000
128000 22942.97700000
129000 18774.08500000
130000 16158.60500000
131000 14981.68600000
132000 15222.70600000
133000 15484.24400000
134000 16619.56100000
135000 18698.19800000
136000 15605.88200000
137000 14669.10900000
138000 15582.98100000
139000 15812.79100000
140000 16227.18400000
141000 18221.81100000
142000 16514.56300000
143000 18289.18000000
144000 25977.37100000
145000 23722.65800000
146000 16617.10700000
147000 14497.84900000
148000 13673.14600000
149000 13087.49700000
150000 14959.44200000
151000 15349.35400000
152000 15412.79400000
153000 15785.76900000
154000 20818.60400000
155000 18493.02600000
156000 17312.75300000
157000 15918.68400000
158000 20619.25200000
159000 24736.48500000
160000 18824.97200000
161000 17952.62500000
162000 18715.50500000
163000 20409.75300000
164000 17310.08600000
165000 19168.00400000
166000 17222.69300000
167000 21015.21800000
168000 21035.71200000
169000 17731.94900000
170000 17734.93300000
171000 18921.21200000
172000 20358.86400000
173000 17749.24400000
174000 19566.49100000
175000 22195.56500000
176000 18789.95500000
177000 19072.03100000
178000 17075.64900000
179000 16780.97800000
180000 17369.43000000
181000 16329.98600000
182000 16018.39000000
183000 15544.78000000
184000 15101.46300000
185000 21638.19800000
186000 29136.36000000
187000 19354.32500000
188000 18952.81500000
189000 17376.46500000
190000 16875.28500000
191000 15688.91800000
192000 19506.88300000
193000 21121.95000000
194000 17831.38300000
195000 20681.52800000
196000 19755.34800000
197000 27195.80000000
198000 15741.38100000
199000 17682.83200000
200000 19401.04400000
201000 20001.94100000
202000 18125.92500000
203000 18554.02000000
204000 18769.47100000
205000 15558.01900000
206000 16196.67100000
207000 20985.80300000
208000 16495.02800000
209000 17583.71800000
210000 16875.12900000
211000 19645.25600000
212000 13873.66700000
213000 16024.94900000
214000 11654.10600000
215000 13098.49600000
216000 25218.17600000
217000 19771.83500000
218000 13069.36800000
219000 10789.88700000
220000 14885.40600000
221000 13303.83600000
222000 14286.09300000
223000 21857.41600000
224000 25465.52500000
225000 19787.55300000
226000 21933.26600000
227000 21365.93700000
228000 15592.16900000
229000 10095.08100000
230000 11931.17000000
231000 10759.58800000
232000 10449.58900000
233000 13937.43900000
234000 12488.55600000
235000 15567.20400000
236000 15158.65600000
237000 13675.81100000
238000 10686.50700000
239000 11519.51600000
240000 9624.58300000
241000 10723.60800000
242000 15200.72100000
243000 8160.61600000
244000 9727.35500000
245000 8959.33200000
246000 9650.95800000
247000 8487.42700000
248000 9194.80200000
249000 10973.83400000
250000 12290.38100000
251000 11382.53800000
252000 10645.28200000
253000 8307.29400000
254000 8662.93300000
255000 10634.53900000
256000 10991.40500000
257000 10695.30400000
258000 12012.14900000
259000 12076.76100000
260000 10776.74500000
261000 10987.82600000
262000 10683.76900000
263000 11789.87000000
264000 10960.94800000
265000 10723.17800000
266000 14513.83300000
267000 13176.35100000
268000 11567.47000000
269000 12164.00500000
270000 10271.44400000
271000 11697.01100000
272000 13244.91300000
273000 10970.92100000
274000 11586.67900000
275000 17147.35600000
276000 11568.66300000
277000 10593.32100000
278000 13419.21200000
279000 22972.87000000
280000 22135.38000000
281000 15349.29400000
282000 14810.98400000
283000 16092.07900000
284000 13549.12700000
285000 13522.13800000
286000 18567.96300000
287000 17770.42100000
288000 15508.32900000
289000 13778.53900000
290000 13031.17500000
291000 11551.54500000
292000 11678.64300000
293000 12012.29700000
294000 10963.35500000
295000 12477.55200000
296000 11782.95100000
297000 11593.77400000
298000 12085.62000000
299000 13634.06400000
300000 16135.36100000
301000 13003.49100000
302000 11891.31200000
303000 10553.41100000
304000 13722.10900000
305000 11441.86600000
306000 16243.25400000
307000 11469.38100000
308000 11777.74700000
309000 11627.78100000
310000 12214.81300000
311000 11036.00300000
312000 10757.33200000
313000 12081.42900000
314000 11584.66200000
315000 11648.77600000
316000 13126.92300000
317000 11022.42900000
318000 10812.37700000
319000 11678.13200000
320000 11630.22800000
321000 11596.16400000
322000 13033.67500000
323000 14626.71700000
324000 19929.77100000
325000 15470.82400000
326000 12770.90700000
327000 12115.84300000
328000 12626.20600000
329000 12952.07200000
330000 11509.62600000
331000 11238.11800000
332000 11801.99700000
333000 20213.59200000
334000 12251.07900000
335000 21830.02000000
336000 13929.97200000
337000 12907.94400000
338000 11989.81200000
339000 12545.82200000
340000 14778.71600000
341000 13435.05400000
342000 12753.25600000
343000 13410.91800000
344000 13695.44300000
345000 13093.07300000
346000 12668.61900000
347000 12961.96100000
348000 11761.65900000
349000 13701.46900000
350000 13675.00000000
351000 13296.54500000
352000 14695.11600000
353000 17074.69600000
354000 17225.07400000
355000 20455.76400000
356000 20578.62800000
357000 21182.90100000
358000 19603.76000000
359000 23520.88200000
360000 22566.08500000
361000 19657.18400000
362000 17459.73800000
363000 20747.69200000
364000 18926.53400000
365000 27010.56300000
366000 38088.58400000
367000 28824.74900000
368000 23287.81300000
369000 36936.73000000
370000 27169.94500000
371000 32226.05700000
372000 27291.72100000
373000 29997.98400000
374000 21661.92400000
375000 36426.46700000
376000 44583.30900000
377000 35628.58400000
378000 35757.90500000
379000 34395.22400000
380000 32348.98300000
381000 32907.19400000
382000 45796.62900000
383000 39052.77700000
384000 36381.51500000
385000 33450.22800000
386000 27990.97000000
387000 29269.85600000
388000 31348.38500000
389000 25858.77600000
390000 22126.53700000
391000 22564.30600000
392000 18106.83900000
393000 18610.23700000
394000 23693.32500000
395000 23692.04400000
396000 21602.28600000
397000 15890.92800000
398000 17067.77300000
399000 20328.73000000
400000 21619.41600000
401000 20685.42300000
402000 16669.23800000
403000 15710.29400000
404000 21443.70700000
405000 18773.66200000
406000 20480.80700000
407000 21366.43600000
408000 20745.97900000
409000 21498.76500000
410000 21059.89000000
411000 20151.41500000
412000 20882.95400000
413000 20625.87700000
414000 19486.73200000
This item is represented 16 times in the filter. Both buckets filled by the same fingerprint - cuckoo not possible
Params: 0x55d0f7f46730 136 132 187 00000000000000000000000001101000 1

Bucket full or something, error: Bucket capacity reached
