1000 415.99300000
2000 550.70400000
3000 452.88900000
4000 501.10800000
5000 556.24600000
6000 516.36000000
7000 535.16200000
8000 458.05300000
9000 525.51700000
10000 735.84700000
11000 545.81100000
12000 765.04700000
13000 565.94800000
14000 483.53600000
15000 587.06800000
16000 501.31900000
17000 515.72400000
18000 413.77500000
19000 497.30400000
20000 443.87300000
21000 627.61800000
22000 438.97600000
23000 459.80100000
24000 493.77700000
25000 813.27900000
26000 827.35700000
27000 4166.68600000
28000 644.49600000
29000 870.65800000
30000 724.32500000
31000 732.60500000
32000 1780.41900000
33000 2801.79900000
34000 5432.32300000
35000 11727.63500000
36000 23522.91500000
37000 24920.44400000
38000 28391.45700000
39000 37446.65700000
40000 31882.63100000
41000 30639.53100000
42000 26330.29600000
43000 30438.78600000
44000 29811.62300000
45000 31019.19800000
46000 23960.07400000
47000 24363.31600000
48000 24214.06500000
49000 23803.67500000
50000 21301.45400000
51000 19444.77500000
52000 21185.57300000
53000 18966.90600000
54000 18226.23200000
55000 17926.01000000
56000 15004.63600000
57000 13998.90700000
58000 12495.97800000
59000 10856.64700000
60000 11111.71800000
61000 12190.33700000
62000 8680.29700000
63000 8165.17200000
64000 10819.49200000
65000 15288.70100000
66000 17900.10400000
67000 17467.75300000
68000 22422.99800000
69000 25445.40500000
70000 30115.01200000
71000 35711.98300000
72000 32305.00200000
73000 44778.57600000
74000 43230.33700000
75000 38991.57200000
76000 42559.26200000
77000 48627.55400000
78000 52531.01000000
79000 50709.20100000
80000 56533.19400000
81000 56199.80600000
82000 61721.03400000
83000 70285.97200000
84000 66925.12400000
85000 67693.40300000
86000 66873.85400000
87000 62620.70100000
88000 56793.50800000
89000 58483.71800000
90000 59446.23900000
91000 63444.41500000
92000 63261.46100000
93000 63137.42000000
94000 66603.87400000
95000 62982.37100000
96000 71558.93200000
97000 64079.12800000
98000 65227.55200000
99000 72121.85100000
100000 72001.01500000
101000 69691.80000000
102000 63763.25300000
103000 62836.05600000
104000 63334.62600000
105000 59497.27400000
106000 70847.57200000
107000 65625.63400000
108000 68283.82400000
109000 59101.72300000
110000 66850.04000000
111000 63321.58300000
112000 68458.29800000
113000 59761.05400000
114000 68472.70900000
115000 61099.46700000
116000 59152.64900000
117000 64216.11400000
118000 68687.50700000
119000 69992.08200000
120000 71787.40000000
121000 68962.06800000
122000 59367.79800000
123000 57613.11200000
124000 62623.62600000
125000 74042.64100000
126000 72537.94800000
127000 58350.56500000
128000 58687.77300000
129000 60316.63600000
130000 64120.22800000
131000 73742.42100000
132000 76129.76200000
133000 81971.05800000
134000 74840.71100000
135000 61153.12000000
136000 59331.68700000
137000 60578.42100000
138000 60545.07200000
139000 57458.82300000
140000 69154.99300000
141000 46248.42400000
142000 44336.29300000
143000 39475.62400000
144000 50032.57400000
145000 43840.90900000
146000 45615.29700000
147000 45710.05000000
148000 59946.03300000
149000 62299.13600000
150000 76113.95700000
151000 103056.17200000
152000 104542.99800000
153000 128450.04300000
154000 118860.03400000
155000 126936.26900000
156000 104536.51300000
157000 95030.29400000
158000 88917.19300000
159000 77299.91700000
160000 85325.23500000
161000 74412.53400000
162000 74023.97600000
163000 69523.04100000
164000 70895.98500000
165000 70667.61700000
166000 68247.12800000
167000 66154.69600000
168000 70872.43200000
169000 62538.54700000
170000 78299.82900000
171000 73168.01000000
172000 78607.67000000
173000 86269.52700000
174000 103367.27400000
175000 118040.19400000
176000 117826.62600000
177000 137697.62600000
178000 108094.65000000
179000 126829.07800000
180000 129018.76900000
181000 126832.06200000
182000 104368.93700000
183000 89577.58900000
184000 89749.72400000
185000 89560.22100000
186000 94257.05200000
187000 88890.50300000
188000 91201.77300000
189000 105005.86300000
190000 98273.94100000
191000 102369.41300000
192000 116586.08700000
193000 107999.74800000
194000 85137.55300000
195000 95581.51300000
196000 100555.45100000
197000 94384.01300000
198000 91041.56000000
199000 94318.97500000
200000 101060.04400000
201000 127687.37100000
202000 125787.92600000
203000 135306.91600000
204000 150369.85600000
205000 154432.14700000
206000 143206.54700000
207000 145119.07500000
208000 139458.60200000
209000 116357.83200000
210000 86466.44800000
211000 90811.42600000
212000 91930.01600000
213000 77097.58900000
214000 75730.42300000
215000 89406.55100000
216000 68189.34800000
217000 62460.91900000
218000 60457.49900000
219000 59495.49300000
220000 60816.57200000
221000 57542.40700000
222000 61466.52600000
223000 59783.66100000
224000 57511.30200000
225000 53270.47000000
226000 53475.94100000
227000 50981.66900000
228000 50943.17200000
229000 62761.53500000
230000 57404.41700000
231000 59219.00900000
232000 69949.37600000
233000 75034.22600000
234000 81039.48500000
235000 78964.23500000
236000 89229.47400000
237000 94998.55100000
238000 96789.52900000
239000 95269.41600000
240000 98052.31700000
241000 82868.42600000
242000 79457.59600000
243000 82637.80100000
244000 82987.45900000
245000 71591.62000000
246000 73526.79600000
247000 75926.17300000
248000 65428.68100000
249000 68613.92300000
250000 61994.92400000
251000 64791.41500000
252000 70657.09900000
253000 76055.94000000
254000 75619.72900000
255000 82463.38400000
256000 84463.84300000
257000 86895.99400000
258000 85166.56900000
259000 76010.02000000
260000 74553.23200000
261000 73784.11200000
262000 67656.63300000
263000 64118.56100000
264000 59581.30500000
265000 67809.40800000
266000 73996.44100000
267000 85434.42800000
268000 78707.18700000
269000 89786.07100000
270000 95090.02700000
271000 99918.81000000
272000 111872.00500000
273000 99933.71700000
274000 85508.04700000
275000 82685.67500000
276000 90506.40200000
277000 68329.58000000
278000 76533.14300000
279000 66401.25200000
280000 75832.94600000
281000 65382.31300000
282000 64081.26100000
283000 63296.56300000
284000 74239.39800000
285000 74277.99400000
286000 74025.92600000
287000 75134.45900000
288000 65970.86300000
289000 62332.28500000
290000 60593.02800000
291000 63972.06200000
292000 58297.20300000
293000 56919.19000000
294000 58416.22400000
295000 56704.55100000
296000 56063.54700000
297000 59265.07500000
298000 66689.62900000
299000 66418.84100000
300000 73844.12400000
301000 74258.68700000
302000 88648.22900000
303000 92463.32000000
304000 98302.65700000
305000 96797.19500000
306000 99237.23900000
307000 106590.34700000
308000 112262.18900000
309000 87461.26200000
310000 79306.64300000
311000 70078.15500000
312000 68664.84400000
313000 65905.83100000
314000 60742.89100000
315000 62035.51900000
316000 56338.27900000
317000 53413.43000000
318000 57244.06500000
319000 68219.40700000
320000 57805.37100000
321000 77602.53600000
322000 82545.62100000
323000 84681.21400000
324000 92436.45200000
325000 90887.06500000
326000 91452.61600000
327000 82055.36200000
328000 72759.09200000
329000 71937.80600000
330000 63703.13100000
331000 67354.00100000
332000 70639.74300000
333000 71019.30600000
334000 76901.21700000
This item is represented 16 times in the filter. Both buckets filled by the same fingerprint - cuckoo not possible
Params: 0x56083ef4a5c0 20 189 147 00000000000000000000000000001001 1

Bucket full or something, error: Bucket capacity reached
