1000 344.75100000
2000 296.82900000
3000 426.40000000
4000 428.25900000
5000 413.53900000
6000 424.56100000
7000 421.54000000
8000 415.71000000
9000 462.73300000
10000 433.05700000
11000 474.06200000
12000 502.33400000
13000 513.75000000
14000 370.41300000
15000 447.14200000
16000 358.55400000
17000 446.39500000
18000 495.10700000
19000 466.03900000
20000 487.81000000
21000 481.26800000
22000 540.19600000
23000 565.46500000
24000 484.46400000
25000 572.46600000
26000 677.84100000
27000 581.13000000
28000 657.76200000
29000 660.62200000
30000 640.34300000
31000 931.84800000
32000 1079.75300000
33000 2811.61800000
34000 6533.44300000
35000 12369.91900000
36000 5928.36800000
37000 921.28200000
38000 556.13000000
39000 629.84100000
40000 684.79800000
41000 629.14600000
42000 679.02600000
43000 660.00000000
44000 501.48700000
45000 593.12100000
46000 569.27400000
47000 690.10800000
48000 574.48500000
49000 533.15700000
50000 557.43000000
51000 758.88500000
52000 744.28900000
53000 675.87000000
54000 639.89100000
55000 607.03400000
56000 721.19100000
57000 673.29200000
58000 615.23000000
59000 679.26900000
60000 624.57800000
61000 720.01600000
62000 567.31100000
63000 1047.22600000
64000 817.46500000
65000 1653.23600000
66000 1630.64200000
67000 2709.94500000
68000 3168.91700000
69000 3941.05100000
70000 7076.72100000
71000 6173.42500000
72000 7320.52800000
73000 9920.45700000
74000 9128.70800000
75000 9434.81300000
76000 7907.23600000
77000 4131.07600000
78000 2402.71100000
79000 2618.08500000
80000 1209.93800000
81000 438.49900000
82000 502.42300000
83000 444.72400000
84000 534.97700000
85000 454.90700000
86000 557.15300000
87000 496.43900000
88000 477.19900000
89000 429.87700000
90000 370.07100000
91000 363.89000000
92000 368.58100000
93000 360.99000000
94000 338.04400000
95000 353.40700000
96000 338.03700000
97000 345.93500000
98000 336.24600000
99000 408.38700000
100000 349.32000000
101000 408.87300000
102000 366.69000000
103000 464.06100000
104000 460.73500000
105000 443.00100000
106000 419.99500000
107000 402.79100000
108000 371.63200000
109000 352.22800000
110000 453.33700000
111000 376.82100000
112000 443.86000000
113000 418.82500000
114000 418.33700000
115000 439.17800000
116000 475.78900000
117000 437.49300000
118000 417.41700000
119000 507.67200000
120000 456.58300000
121000 581.59400000
122000 565.17000000
123000 576.04900000
124000 563.44400000
125000 637.84000000
126000 543.49700000
127000 559.01200000
128000 553.66300000
129000 534.64500000
130000 627.57200000
131000 605.48800000
132000 631.85200000
133000 667.28400000
134000 853.28400000
135000 906.55900000
136000 893.02200000
137000 978.44900000
138000 983.51300000
139000 4118.91500000
140000 1111.45800000
141000 1428.60400000
142000 1330.85700000
143000 1545.24700000
144000 2028.56900000
145000 2175.15400000
146000 2688.41200000
147000 3076.52500000
148000 3723.58900000
149000 4087.27800000
150000 4631.63700000
151000 4437.96100000
152000 4884.56600000
153000 4300.03600000
154000 4559.17800000
155000 5089.14000000
156000 5302.34100000
157000 6088.78600000
158000 5911.66200000
159000 5924.86700000
160000 5801.05400000
161000 6056.39600000
162000 6457.26600000
163000 5795.79100000
164000 6095.21800000
165000 6042.42100000
166000 5479.34500000
167000 5480.60600000
168000 5767.27700000
169000 5822.41800000
170000 6196.54300000
171000 7682.90300000
172000 7708.67400000
173000 13401.67700000
174000 6030.63400000
175000 4163.69700000
176000 3820.74900000
177000 3583.16000000
178000 2877.17700000
179000 2847.19600000
180000 1850.90600000
181000 1278.92100000
182000 1325.22600000
183000 1036.16800000
184000 810.68200000
185000 764.43400000
186000 728.25900000
187000 761.12400000
188000 945.90100000
189000 675.06200000
190000 446.30000000
191000 418.74900000
192000 394.55900000
193000 449.97400000
194000 437.92700000
195000 378.01100000
196000 437.28900000
197000 376.00400000
198000 368.67300000
199000 385.42100000
200000 453.26500000
201000 488.22300000
202000 479.30400000
203000 418.03100000
204000 416.03400000
205000 364.79900000
206000 393.01400000
207000 484.67500000
208000 403.82800000
209000 400.67400000
210000 443.31900000
211000 444.91500000
212000 467.83900000
213000 436.23800000
214000 415.93400000
215000 410.63000000
216000 391.59000000
217000 386.37200000
218000 515.40200000
219000 491.32600000
220000 447.32000000
221000 441.92700000
222000 547.73800000
223000 756.87400000
224000 503.62800000
225000 422.44400000
226000 424.71600000
227000 416.24500000
228000 437.13300000
229000 473.85900000
230000 462.32500000
231000 462.71900000
232000 500.62000000
233000 434.17300000
234000 505.83800000
235000 565.21300000
236000 733.09100000
237000 735.46600000
238000 764.06800000
239000 850.82500000
240000 709.53200000
241000 854.20900000
242000 537.39600000
243000 480.58900000
244000 504.46000000
245000 500.12100000
246000 451.83700000
247000 485.29700000
248000 672.54200000
249000 586.59700000
250000 579.65500000
251000 519.98700000
252000 528.90300000
253000 592.84000000
254000 564.44500000
255000 568.29800000
256000 983.04100000
257000 526.61300000
258000 503.03500000
259000 512.68200000
260000 457.80700000
261000 467.08600000
262000 549.36200000
263000 454.04900000
264000 491.69000000
265000 483.62600000
266000 494.36100000
267000 521.54900000
268000 517.78800000
269000 505.29200000
270000 516.98400000
271000 533.14900000
272000 518.53600000
273000 556.38500000
274000 581.30000000
275000 592.56600000
276000 615.19200000
277000 717.07500000
278000 614.62900000
279000 782.54700000
280000 684.32200000
281000 718.16100000
282000 671.82900000
283000 685.55700000
284000 755.48600000
285000 759.43600000
286000 792.26100000
287000 740.19600000
288000 905.84000000
289000 905.66300000
290000 963.77500000
291000 965.24300000
292000 1031.93800000
293000 1075.43400000
294000 1119.44500000
295000 1219.59500000
296000 1311.68700000
297000 1354.99300000
298000 1343.24400000
299000 1628.51200000
300000 1930.01900000
301000 1695.27300000
302000 1856.61600000
303000 1754.88800000
304000 1731.29200000
305000 1711.40600000
306000 2417.30300000
307000 2262.65000000
308000 2365.82000000
309000 2318.90200000
310000 2323.43200000
311000 2437.75500000
312000 2835.28700000
313000 2672.42800000
314000 2885.45500000
315000 2831.55400000
316000 3199.43400000
317000 3359.76600000
318000 3542.68200000
319000 3291.87800000
320000 3463.98700000
321000 3616.50800000
322000 3759.63900000
323000 3981.00000000
324000 3768.06200000
325000 4065.29500000
326000 4546.80900000
327000 4549.51500000
328000 4432.21500000
329000 4493.44100000
330000 4417.11600000
331000 4662.80900000
332000 4542.45200000
333000 5104.86100000
334000 5245.64200000
335000 5748.75600000
336000 5637.30700000
337000 5297.29000000
338000 5741.83900000
339000 5895.40000000
340000 6787.74900000
341000 7531.52000000
342000 6939.53400000
343000 9882.28400000
344000 10646.15300000
345000 11878.95700000
346000 13526.13600000
347000 13228.72300000
348000 14272.79800000
349000 13592.46300000
350000 13521.13200000
351000 14288.01900000
352000 12705.96200000
353000 12336.21800000
354000 8171.45900000
355000 6897.56000000
356000 6049.31400000
357000 6177.23800000
358000 11390.92700000
359000 8653.36300000
360000 6457.79400000
361000 5976.58500000
362000 5747.05800000
363000 5715.75500000
364000 5638.74800000
365000 5607.63700000
366000 7828.74700000
367000 5543.53300000
368000 5739.19900000
369000 7568.76500000
370000 7943.33300000
371000 7681.40200000
372000 6851.44500000
373000 6981.03000000
374000 6575.25000000
375000 7004.17600000
376000 5927.22700000
377000 7177.17600000
378000 7372.96800000
379000 6627.88400000
380000 5866.91400000
381000 5576.16800000
382000 5736.99900000
383000 6640.91200000
384000 5182.69200000
385000 4305.90900000
386000 3730.40900000
387000 4538.08000000
388000 4344.00000000
389000 3156.75800000
390000 3427.38200000
391000 3839.23600000
392000 2570.10300000
393000 2210.42900000
394000 3016.55800000
395000 2390.48300000
396000 2311.30700000
397000 2252.23000000
398000 2333.33400000
399000 1843.23000000
400000 1657.50100000
401000 1737.13700000
402000 2136.12700000
403000 1300.99000000
404000 1585.00200000
405000 1430.28900000
406000 1318.36800000
407000 1722.51600000
408000 1404.44000000
409000 1260.14900000
410000 1081.69800000
411000 1249.40800000
412000 1000.53400000
413000 913.63300000
414000 1005.56800000
415000 1188.68700000
416000 1177.67900000
417000 1084.20000000
418000 887.13300000
419000 1047.42400000
420000 793.36700000
421000 790.22500000
422000 656.78000000
423000 755.88200000
424000 712.69100000
425000 746.97900000
426000 643.04300000
427000 508.73300000
428000 950.02800000
429000 1260.77600000
430000 523.10400000
431000 608.16600000
432000 481.82300000
433000 484.68000000
434000 516.43000000
435000 420.21600000
436000 455.88900000
437000 366.88900000
438000 327.76600000
439000 340.73900000
440000 348.55500000
441000 320.12300000
442000 391.97300000
443000 367.58400000
444000 330.25500000
445000 343.34600000
446000 321.87700000
447000 338.88500000
448000 321.23800000
449000 332.58600000
450000 368.28300000
451000 362.70400000
452000 419.65000000
453000 365.62500000
454000 406.39900000
455000 387.81600000
456000 473.00900000
457000 446.51100000
458000 424.91800000
459000 440.02800000
460000 430.37600000
461000 409.25500000
462000 443.32700000
463000 514.34700000
464000 473.88200000
465000 550.45800000
466000 540.51100000
467000 596.57300000
468000 512.60200000
469000 490.55100000
470000 593.05000000
471000 549.96600000
472000 536.09700000
473000 651.81900000
474000 675.28200000
475000 743.55600000
476000 581.61100000
477000 664.45700000
478000 657.91300000
479000 914.40100000
480000 762.29300000
481000 839.14200000
482000 702.83400000
483000 706.21400000
484000 588.33600000
485000 744.47200000
486000 688.38500000
487000 638.63000000
488000 530.06400000
489000 571.38900000
490000 667.20100000
491000 661.45700000
492000 620.92200000
493000 564.90400000
494000 534.29600000
495000 548.65100000
496000 713.39100000
497000 568.94000000
498000 547.15600000
499000 484.86000000
500000 556.01700000
501000 527.45500000
502000 591.60100000
503000 484.55500000
504000 544.46400000
505000 507.78400000
506000 531.98200000
507000 550.87000000
508000 862.00500000
509000 727.66600000
This item is represented 16 times in the filter. Both buckets filled by the same fingerprint - cuckoo not possible
Params: 0x55fa876e4d30 23 151 159 00000000000000000000000001100001 1

Bucket full or something, error: Bucket capacity reached
