1000 234.66900000
2000 228.53700000
3000 236.54800000
4000 254.90500000
5000 272.22600000
6000 294.77900000
7000 253.95600000
8000 266.94500000
9000 293.17500000
10000 268.83800000
11000 282.73800000
12000 375.06300000
13000 315.55000000
14000 316.26300000
15000 328.44100000
16000 333.44500000
17000 372.75600000
18000 252.11700000
19000 265.69300000
20000 265.07400000
21000 246.02800000
22000 245.78400000
23000 288.14200000
24000 259.47900000
25000 282.31600000
26000 356.74500000
27000 288.23700000
28000 282.73600000
29000 300.47200000
30000 372.09200000
31000 408.34200000
32000 746.84500000
33000 1834.69200000
34000 4195.15600000
35000 9364.78600000
36000 14986.67800000
37000 23390.45300000
38000 27948.85800000
39000 32672.49400000
40000 34444.50500000
41000 34446.11000000
42000 34941.29800000
43000 33625.13500000
44000 34256.96000000
45000 34514.77800000
46000 35487.15700000
47000 34099.99900000
48000 33746.33900000
49000 38140.62400000
50000 39188.17900000
51000 35126.92300000
52000 40092.50600000
53000 35059.99500000
54000 37239.45200000
55000 32073.10600000
56000 31162.24600000
57000 32070.89000000
58000 32347.63900000
59000 33834.94000000
60000 31958.30600000
61000 32594.90000000
62000 32359.07200000
63000 32588.90300000
64000 34110.45500000
65000 36648.62200000
66000 35999.23500000
67000 30783.61400000
68000 32314.56800000
69000 33661.99700000
70000 34891.39500000
71000 38600.27000000
72000 35858.92300000
73000 34997.50900000
74000 37061.27500000
75000 35672.03600000
76000 37931.76300000
77000 41262.17500000
78000 49508.62700000
79000 63305.80700000
80000 59220.23800000
81000 62610.99500000
82000 67885.16200000
83000 77126.32600000
84000 67431.41700000
85000 65619.42900000
86000 69735.39000000
87000 77388.15100000
88000 61952.00700000
89000 78088.21200000
90000 69180.60900000
91000 81427.25700000
92000 67389.91000000
93000 73128.23500000
94000 69621.54000000
95000 67350.25500000
96000 67077.46200000
97000 67454.22100000
98000 67072.92400000
99000 71945.31700000
100000 67452.53200000
101000 71605.97200000
102000 62140.78400000
103000 63884.72700000
104000 62456.53900000
105000 95050.54300000
106000 85593.00800000
107000 83526.93900000
108000 78937.74300000
109000 80566.70100000
110000 77476.03000000
111000 78185.62700000
112000 84222.41000000
113000 74214.54600000
114000 77330.61000000
115000 80899.41900000
116000 72592.35900000
117000 73419.82300000
118000 68764.20200000
119000 63544.64400000
120000 63574.91100000
121000 76609.51100000
122000 85342.35600000
123000 93226.52500000
124000 75595.60400000
125000 86091.35200000
126000 80597.03700000
127000 118251.35700000
128000 119073.20000000
129000 92886.36400000
130000 118676.38200000
131000 86852.99700000
132000 100510.57800000
133000 84616.76200000
134000 77335.03900000
135000 75172.23500000
136000 75035.25800000
137000 74567.24300000
138000 73390.91300000
139000 82416.42700000
140000 75831.62300000
141000 74440.93300000
142000 81874.02400000
143000 79119.52300000
144000 76622.62500000
145000 80290.28600000
146000 81282.77100000
147000 84579.79500000
148000 94131.73900000
149000 101218.90400000
150000 94258.60100000
151000 93592.30400000
152000 93134.68200000
153000 69494.04300000
154000 72800.91400000
155000 75239.70200000
156000 82531.22400000
157000 74406.59800000
158000 84334.02300000
159000 105861.51000000
160000 109786.13200000
161000 70713.84400000
162000 70946.13300000
163000 77545.92100000
164000 89281.23100000
165000 74101.10100000
166000 80756.01400000
167000 84140.54300000
168000 95033.05200000
169000 89816.57300000
170000 106163.14700000
171000 96787.44200000
172000 98398.32200000
173000 99008.48200000
174000 106356.93800000
175000 111721.06600000
176000 117130.40800000
177000 104932.75400000
178000 107969.70900000
179000 125443.09300000
180000 178994.63600000
181000 101485.46300000
182000 91417.22600000
183000 94653.26800000
184000 95454.01200000
185000 83940.88400000
186000 85483.31500000
187000 86126.33000000
188000 88888.62000000
189000 82704.19100000
190000 87506.60300000
191000 87284.50600000
192000 87377.15800000
193000 81531.22000000
194000 84283.48300000
195000 88532.53800000
196000 96537.71300000
197000 84186.98300000
198000 82665.18600000
199000 80791.20700000
200000 91214.66600000
201000 106025.63200000
202000 88049.37400000
203000 80597.84300000
204000 79844.92300000
205000 81059.80900000
206000 80586.72800000
207000 89564.79000000
208000 97512.86100000
209000 99929.85000000
210000 81813.48600000
211000 102565.16300000
212000 87689.59200000
213000 93173.10000000
214000 79837.42100000
215000 92923.59200000
216000 85322.56700000
217000 109359.10500000
218000 107364.21900000
219000 94691.62500000
220000 82240.65400000
221000 85642.85400000
222000 87559.08900000
223000 98346.14600000
224000 97629.34200000
225000 96147.58700000
226000 85406.15200000
227000 109460.85100000
228000 116955.07800000
229000 157194.02700000
230000 112228.87600000
231000 121143.39000000
232000 91088.28700000
233000 134182.81300000
234000 132469.25200000
235000 71030.14700000
236000 78526.66000000
237000 77366.66700000
238000 71585.51900000
239000 79073.33800000
240000 75112.58800000
241000 73600.19800000
242000 92574.67900000
243000 86113.53600000
244000 80918.40700000
245000 82752.38000000
246000 88096.89500000
247000 66008.20900000
248000 69540.33800000
249000 72715.10200000
250000 68511.95900000
251000 67944.91800000
252000 70390.54600000
253000 76980.31200000
254000 69389.93200000
255000 72704.43700000
256000 68836.24500000
257000 71116.37700000
258000 73971.48200000
259000 68637.62600000
260000 68744.24700000
261000 73179.87300000
262000 72565.55500000
263000 80860.86100000
264000 66744.85400000
265000 64233.99600000
266000 64907.59900000
267000 63062.50100000
268000 76283.25100000
269000 67701.49800000
270000 67442.65600000
271000 70787.14100000
272000 69972.50700000
273000 69977.38800000
274000 70571.02600000
275000 81191.15600000
276000 76059.14200000
277000 80900.32000000
278000 74587.82200000
279000 97785.22800000
280000 88211.83500000
281000 86606.44200000
282000 78158.50000000
283000 75181.41100000
284000 74630.64300000
285000 75034.94300000
286000 74019.81800000
287000 73774.88300000
288000 83683.41000000
289000 82725.55400000
290000 78481.79000000
291000 88218.63300000
292000 83505.54300000
293000 83928.26000000
294000 92528.45800000
295000 92495.22700000
296000 82008.05300000
297000 79833.45100000
298000 72997.33000000
299000 74624.63600000
300000 82679.79900000
301000 80736.19600000
302000 78879.14800000
303000 76787.15200000
304000 80771.79800000
305000 87621.09500000
306000 78180.03300000
307000 96639.72600000
308000 92643.36600000
309000 76401.29800000
310000 76954.92000000
311000 81427.57500000
312000 87334.18300000
313000 85955.25400000
314000 93005.89000000
315000 96848.10900000
316000 88636.65900000
317000 79878.71200000
318000 76594.99500000
319000 81305.43900000
320000 76247.56000000
321000 80737.11700000
322000 85700.18700000
323000 78679.87800000
324000 85274.46500000
325000 91376.83900000
326000 82840.33800000
327000 82389.42800000
328000 93211.73900000
329000 84871.60700000
330000 91403.83400000
331000 81340.58400000
332000 98246.01000000
333000 101908.06600000
334000 87326.36200000
335000 80351.79400000
336000 84227.88800000
337000 85258.41300000
338000 81075.56500000
339000 85981.35700000
340000 84188.87100000
341000 84773.81900000
342000 90628.79000000
343000 84877.11400000
344000 99761.09300000
345000 101436.10500000
346000 89738.80500000
347000 88240.64000000
348000 81587.42900000
349000 88716.87600000
350000 90371.20600000
351000 91381.66100000
352000 93858.00800000
353000 94041.53500000
354000 87003.67400000
355000 101907.56200000
356000 87859.75700000
357000 87591.05300000
358000 89465.08600000
359000 85869.54200000
360000 103728.37800000
361000 90315.45200000
362000 84486.48200000
363000 86304.49100000
364000 86344.91800000
365000 84898.40700000
366000 89475.51000000
367000 84177.15200000
368000 96739.25200000
369000 108305.30900000
370000 93383.95000000
371000 91555.01100000
372000 86608.62000000
373000 96387.49800000
374000 113588.21600000
375000 100671.61200000
376000 88223.42000000
377000 92447.58400000
378000 87132.46600000
379000 93534.54900000
380000 89969.95700000
381000 101268.63700000
382000 101909.99300000
383000 90108.78300000
384000 97410.74300000
385000 116447.27600000
386000 111686.59400000
387000 101587.08900000
388000 85221.34200000
389000 112542.71400000
390000 89444.27400000
391000 90589.37900000
392000 90269.76700000
393000 95931.27600000
394000 102818.28500000
395000 97365.81000000
396000 104001.30600000
397000 114647.82000000
398000 112699.13500000
399000 113937.35800000
400000 99526.85900000
401000 105872.76100000
402000 94432.06700000
403000 95932.84900000
404000 87966.84900000
405000 85007.58100000
406000 87588.30900000
407000 87263.46800000
408000 86388.76100000
409000 95292.17900000
410000 88659.04700000
411000 88944.37700000
412000 91269.71700000
413000 91546.75000000
414000 98451.63800000
415000 96479.63500000
416000 91911.42000000
417000 87445.92700000
418000 100908.45300000
419000 109803.38800000
420000 118000.87000000
421000 87880.49200000
422000 91513.74100000
423000 90088.06800000
424000 93790.63300000
425000 106861.04300000
426000 100694.83900000
427000 113690.77600000
428000 150760.46200000
429000 127678.19500000
430000 100732.96100000
431000 92163.95200000
432000 102597.95400000
433000 110281.76100000
434000 121703.20800000
435000 90009.35400000
436000 92922.67400000
437000 95169.07600000
438000 93976.95100000
439000 107300.67600000
440000 98525.81600000
441000 92388.70400000
442000 96668.18600000
443000 95797.46400000
444000 101168.10000000
445000 101082.34700000
446000 95270.22600000
447000 102821.11200000
448000 90277.72200000
449000 93893.84700000
450000 111145.88800000
451000 115181.88000000
452000 132628.16400000
453000 146123.86300000
454000 142652.01700000
455000 133961.65700000
456000 134590.64200000
457000 114025.19500000
458000 128812.64900000
459000 143381.43800000
460000 148275.94700000
461000 206856.71700000
462000 213871.75700000
463000 174278.98200000
464000 136273.08900000
465000 118862.32400000
466000 116257.96800000
467000 133232.66900000
468000 126065.39400000
469000 125777.28000000
470000 141831.59000000
471000 128598.69500000
472000 121575.00000000
473000 145017.49900000
474000 187500.36300000
475000 123593.39000000
476000 115427.97400000
477000 105297.17900000
478000 122617.80400000
479000 135509.10900000
480000 106819.41800000
481000 104215.88900000
482000 110326.00000000
483000 128484.86700000
484000 102609.03100000
485000 150400.80100000
486000 113227.30000000
487000 121190.88800000
488000 124228.44000000
489000 136931.10400000
490000 151732.27000000
491000 154328.38200000
492000 108702.99700000
493000 104401.61400000
494000 106854.19900000
495000 102864.99800000
496000 101884.04000000
497000 118379.76600000
498000 154920.80300000
499000 120626.51200000
500000 145920.70100000
501000 135402.04300000
502000 108219.84500000
503000 105503.39700000
504000 115351.22100000
505000 124176.61700000
506000 132626.96100000
507000 119348.60700000
508000 132190.15300000
509000 117918.89600000
510000 125123.47800000
511000 116564.72400000
512000 107415.18700000
513000 102332.93700000
514000 107005.79700000
515000 131499.15700000
516000 117663.80200000
517000 107420.12400000
518000 106558.93500000
519000 122053.20100000
520000 120215.52500000
521000 143138.44300000
522000 147076.89800000
523000 137077.58100000
524000 128754.16000000
525000 123354.92300000
526000 138606.38300000
527000 146133.10300000
528000 139964.87300000
529000 141748.63500000
530000 177665.06500000
531000 137771.21400000
532000 115486.29800000
533000 111753.10400000
534000 115994.49500000
535000 107504.56500000
536000 110339.29500000
537000 118362.75500000
538000 108589.32500000
539000 132379.24300000
540000 132141.85200000
541000 130359.90900000
542000 150818.06900000
543000 159515.88000000
544000 164257.42800000
545000 119351.40800000
546000 119524.09200000
547000 116451.68900000
548000 129962.99000000
549000 129866.56000000
550000 137497.06200000
551000 137724.93200000
552000 133459.31000000
553000 112944.93900000
554000 110036.72900000
555000 94142.45800000
556000 113900.74600000
557000 104985.17600000
558000 127697.10700000
559000 127707.81100000
560000 124376.39800000
561000 110847.36200000
562000 93856.17500000
563000 97073.28000000
564000 92251.78500000
565000 102092.50200000
566000 115398.99200000
567000 120248.15300000
568000 99195.33000000
569000 100655.55100000
570000 120772.80100000
571000 139330.90100000
572000 109506.22900000
573000 102182.03900000
574000 107175.48100000
575000 105993.44200000
576000 124548.90600000
577000 117555.14000000
578000 136509.99400000
579000 126331.68100000
580000 140374.92700000
581000 125165.78000000
582000 130952.03800000
583000 112296.81600000
584000 98457.90300000
585000 97610.03900000
586000 96915.56300000
587000 96847.00600000
588000 103863.45800000
589000 98302.98000000
590000 99350.10100000
591000 107926.60400000
592000 126495.67500000
593000 129542.66500000
594000 159509.22300000
595000 137986.62200000
596000 129080.40600000
597000 110465.41900000
598000 90057.86200000
599000 97250.50100000
600000 96980.49700000
601000 96932.62900000
602000 120626.83800000
603000 92162.35400000
604000 97076.98500000
605000 106477.59200000
606000 95299.93400000
607000 121152.65900000
608000 111797.31600000
609000 134261.50100000
610000 117068.48800000
611000 120284.94700000
612000 97304.00400000
613000 92421.16400000
614000 109239.67800000
615000 124260.61500000
616000 127092.22900000
617000 113238.00100000
618000 120559.80200000
619000 118027.21600000
620000 110224.34700000
621000 101491.39000000
622000 113599.23300000
623000 118671.88700000
624000 119734.34200000
625000 128372.83800000
626000 126243.86800000
627000 119714.22700000
628000 89231.66700000
629000 90882.29000000
630000 93008.29100000
631000 92354.02700000
632000 95431.58100000
633000 90523.02400000
634000 90916.48900000
635000 104920.28400000
636000 129441.88700000
637000 124841.06400000
638000 137086.64900000
639000 131356.38600000
640000 122906.97600000
641000 116751.23200000
642000 112792.23700000
643000 85572.07300000
644000 111988.25300000
645000 96520.51400000
646000 84287.21700000
647000 92272.43100000
648000 91530.04000000
649000 107797.96600000
650000 110593.51100000
651000 80017.97500000
652000 89048.75300000
653000 84824.49300000
654000 117195.52500000
655000 106521.08600000
656000 89457.70100000
657000 82024.13500000
658000 84749.15300000
659000 83381.11700000
660000 97563.65900000
661000 105106.13000000
662000 123659.59600000
663000 114409.13800000
664000 120613.71100000
665000 87445.96600000
666000 82688.02500000
667000 84962.58700000
668000 97110.22600000
669000 102920.10800000
670000 124914.99800000
671000 108276.41100000
672000 115038.21900000
673000 94329.76100000
674000 110583.66600000
675000 83257.95500000
676000 96808.35800000
677000 92683.74800000
678000 89202.21600000
679000 127784.47500000
680000 101801.50200000
681000 94762.42400000
682000 102220.89100000
683000 100091.50800000
684000 93586.61300000
685000 97650.91400000
686000 112200.35500000
687000 102841.21500000
688000 88211.42100000
689000 89970.67200000
690000 82437.31000000
691000 92383.50500000
692000 83869.18700000
693000 80151.38300000
694000 80343.38500000
695000 85487.59200000
696000 91800.22600000
697000 95688.21300000
698000 90483.28800000
699000 95051.64900000
700000 107233.52200000
701000 93954.12400000
702000 100603.94000000
703000 96400.52800000
704000 96240.16600000
705000 110361.22400000
706000 80462.67300000
707000 75155.78000000
708000 96999.44400000
709000 93579.99400000
710000 100778.44000000
711000 98972.67200000
712000 93018.84600000
713000 93986.64100000
714000 92909.20800000
715000 93112.78200000
716000 96396.85200000
717000 90243.38600000
718000 90295.62000000
719000 96563.93100000
720000 100026.20800000
721000 102034.63900000
722000 90223.44900000
723000 88031.84200000
724000 90158.67900000
725000 87686.82900000
726000 94091.09600000
727000 89159.88200000
728000 89483.54200000
729000 89495.74100000
730000 110754.06400000
731000 95378.24100000
732000 114213.81500000
733000 99870.44800000
734000 93299.84500000
735000 90171.70400000
736000 92506.96000000
737000 95896.09500000
738000 111876.48600000
739000 97455.33500000
740000 94446.43400000
741000 99206.41900000
742000 119769.63500000
743000 120156.73600000
744000 121047.38500000
745000 119842.61600000
746000 106814.93300000
747000 111226.50000000
748000 138340.90600000
749000 120995.97800000
750000 87676.54700000
751000 82350.55500000
752000 105779.86700000
753000 113720.54500000
754000 105360.83200000
755000 83613.89900000
756000 84743.92900000
757000 83300.15600000
758000 87402.09300000
759000 88389.01400000
760000 86119.72300000
761000 92287.20800000
762000 99998.23700000
763000 156809.27300000
764000 131658.83900000
765000 157279.03500000
766000 114564.33700000
767000 131333.36400000
768000 99841.91000000
769000 98645.76600000
770000 79975.37400000
771000 73433.66500000
772000 65383.61800000
773000 70688.98000000
774000 69145.51500000
775000 84636.24900000
776000 67082.98100000
777000 86964.08200000
778000 67846.96100000
779000 86697.90900000
780000 96693.37800000
781000 100635.70100000
782000 107928.81100000
783000 102607.48700000
784000 79525.58200000
785000 103207.52300000
786000 117489.35700000
787000 109253.34900000
788000 96697.33800000
789000 92363.89800000
790000 80870.09600000
791000 84189.99400000
792000 82353.12500000
793000 81642.48100000
794000 80805.92000000
795000 80826.19400000
796000 77303.55300000
797000 81908.84300000
798000 77925.77100000
799000 78375.32000000
800000 77169.64000000
801000 77780.57900000
802000 86161.35500000
803000 92544.99700000
804000 77475.38800000
805000 84183.17300000
806000 85033.14200000
807000 78501.48900000
808000 79743.69300000
809000 80293.24300000
810000 76578.81200000
811000 80138.04100000
812000 77420.10200000
813000 77636.44800000
814000 78380.29600000
815000 84781.09200000
816000 77346.34500000
817000 78036.36000000
818000 80990.28200000
819000 76603.58900000
820000 78839.26600000
821000 80033.14700000
822000 77447.84200000
823000 77011.48900000
824000 76513.02100000
825000 71690.28100000
826000 75829.68300000
827000 71464.15600000
828000 71041.05000000
829000 65317.95500000
830000 64501.10800000
831000 72109.60900000
832000 80386.38500000
833000 79572.41100000
834000 85311.97100000
835000 82155.44600000
836000 82143.59100000
837000 79861.43900000
838000 77191.13500000
839000 79847.83800000
840000 80576.62900000
841000 92235.52200000
842000 82013.28600000
843000 100281.49800000
844000 79862.32400000
845000 83754.39300000
846000 91304.75900000
847000 85848.95000000
848000 84391.08600000
849000 82206.04500000
850000 80742.83700000
851000 83766.37200000
852000 85914.99900000
853000 81904.43300000
854000 78387.75700000
855000 81813.20200000
856000 83013.12700000
857000 82081.27200000
858000 88005.09700000
859000 78055.63900000
860000 77637.41600000
861000 76987.55600000
862000 82041.98700000
863000 79960.12900000
864000 84234.74500000
865000 83116.69400000
866000 81560.58100000
867000 83570.92800000
868000 81536.80900000
869000 83526.86900000
870000 85074.87300000
871000 81680.07000000
872000 86165.69600000
873000 86781.73100000
874000 76500.11000000
875000 88415.25300000
876000 92846.35500000
877000 81456.74100000
878000 86489.76600000
879000 85286.34400000
880000 86262.15100000
881000 85279.78000000
882000 76454.97200000
883000 71540.23400000
884000 73541.17200000
885000 77202.20500000
886000 69441.82100000
887000 70431.97100000
888000 70398.33700000
889000 72004.28600000
890000 74360.23800000
891000 75832.74100000
892000 103755.52700000
893000 85307.60700000
894000 90913.29200000
895000 88617.42500000
896000 88079.28600000
897000 92240.85300000
898000 89790.00400000
899000 86158.45800000
900000 88369.10800000
901000 84180.67600000
902000 93421.93900000
903000 86482.06400000
904000 92352.15200000
905000 90440.54100000
906000 87477.66900000
907000 91213.74400000
908000 94991.65200000
909000 91203.58000000
910000 94501.06100000
911000 90764.74000000
912000 89839.47400000
913000 91867.70200000
914000 91653.51300000
915000 99329.54500000
916000 83485.22500000
917000 73130.08100000
918000 76663.27400000
919000 82761.82100000
920000 85255.24500000
921000 104908.70900000
922000 96962.65300000
923000 99884.40900000
924000 110285.31100000
925000 100719.07600000
926000 95851.85300000
927000 89588.41200000
928000 88839.74300000
929000 87471.16900000
930000 91748.45800000
931000 89807.62200000
932000 93770.09700000
933000 87844.86300000
934000 92176.22100000
935000 91378.77300000
936000 89901.71500000
937000 93661.64800000
938000 93698.27200000
939000 92597.42200000
940000 90626.30000000
941000 104555.22900000
942000 94312.01600000
943000 96153.70600000
944000 99795.88400000
945000 99123.20200000
946000 91882.55500000
947000 96113.22800000
948000 102761.57400000
949000 99753.96700000
950000 89950.34300000
951000 97500.61900000
952000 92545.98900000
953000 95954.53700000
954000 90734.33100000
955000 95074.95700000
956000 91151.65100000
957000 94495.16000000
958000 92898.42400000
959000 90629.38900000
960000 92991.01000000
961000 96260.27100000
962000 99044.56200000
963000 116588.32300000
964000 101463.90000000
965000 107427.07800000
966000 99688.56900000
967000 98199.43900000
968000 110833.20500000
969000 102245.91500000
970000 105963.36000000
971000 119489.16700000
972000 147646.91900000
973000 108339.52200000
974000 102273.25900000
975000 108714.08400000
976000 118742.24200000
977000 107155.23900000
978000 95655.03300000
979000 92612.94600000
980000 93343.95300000
981000 99109.99000000
982000 112731.01900000
983000 110679.36300000
984000 97439.69500000
985000 96013.76400000
986000 120230.52300000
987000 106292.26200000
988000 120111.86100000
989000 102512.78900000
990000 95039.12000000
991000 101665.20300000
992000 105051.42700000
993000 112495.75700000
994000 101709.09500000
995000 100961.23500000
996000 104175.36400000
997000 97533.95100000
998000 118637.73600000
999000 123108.26400000
1000000 130613.47600000
1001000 103241.59200000
1002000 102016.70400000
1003000 96892.32000000
1004000 93567.53700000
1005000 93405.35400000
1006000 97699.88200000
1007000 95644.95000000
1008000 92932.97200000
1009000 95908.27000000
1010000 104741.84800000
1011000 92466.05400000
1012000 98234.46100000
1013000 91477.80000000
1014000 92714.50900000
1015000 92698.12300000
1016000 95564.36700000
1017000 88330.37000000
1018000 98969.38600000
1019000 99162.65200000
1020000 105581.80800000
1021000 93695.38300000
1022000 98273.00300000
1023000 94117.82800000
1024000 91298.08600000
1025000 98863.68400000
1026000 95115.65400000
1027000 94509.14900000
1028000 94020.42700000
1029000 97842.30300000
1030000 102683.15200000
1031000 111209.63900000
1032000 97633.29800000
1033000 94602.70800000
1034000 97579.96700000
1035000 127424.52500000
1036000 100782.09600000
1037000 99055.54500000
1038000 96106.89400000
1039000 94844.99100000
1040000 122007.81600000
1041000 90227.50200000
1042000 122005.33100000
1043000 99341.50700000
1044000 98372.95100000
1045000 94613.84500000
1046000 83245.45800000
1047000 82787.70000000
1048000 99168.64100000
1049000 102851.24300000
1050000 141375.51400000
1051000 156931.63300000
1052000 131646.80300000
1053000 130169.54200000
1054000 133602.34100000
1055000 185475.47300000
1056000 170758.60800000
1057000 153590.79100000
1058000 117726.17300000
1059000 144037.28900000
1060000 142411.38700000
1061000 125274.14300000
1062000 152679.60800000
1063000 171118.47400000
1064000 115508.12800000
1065000 98274.42300000
1066000 103225.37500000
1067000 102680.25400000
1068000 102756.77200000
1069000 101045.66400000
1070000 98579.58600000
1071000 121391.15500000
1072000 128460.82100000
1073000 127057.50300000
1074000 98419.20200000
1075000 92946.63400000
1076000 102185.03100000
1077000 113850.30300000
1078000 105444.41100000
1079000 102239.62300000
1080000 99777.87500000
1081000 104300.36500000
1082000 174938.17400000
1083000 114831.03700000
1084000 109200.74000000
1085000 99096.40400000
1086000 107528.16300000
1087000 99814.85100000
1088000 103928.78900000
1089000 100195.81300000
1090000 121995.10200000
1091000 111265.28500000
1092000 97586.21200000
1093000 109120.42900000
1094000 119489.33500000
1095000 125872.01600000
1096000 123265.39400000
1097000 117158.72600000
1098000 120434.08500000
1099000 129413.50900000
1100000 119585.32400000
1101000 111548.04900000
1102000 106693.83300000
1103000 130183.74700000
1104000 124277.48400000
1105000 114033.95100000
1106000 113937.58100000
1107000 128032.92200000
1108000 118293.20400000
1109000 102245.84700000
1110000 98187.53900000
1111000 123193.86100000
1112000 96922.18000000
1113000 100501.44300000
1114000 99762.95100000
1115000 106452.51700000
1116000 111188.48600000
1117000 86496.80700000
1118000 99775.09700000
1119000 126830.55000000
1120000 98140.90100000
1121000 99862.06500000
1122000 106619.43600000
1123000 101279.24400000
1124000 97590.39300000
1125000 98141.11000000
1126000 97378.75800000
1127000 100283.72100000
1128000 101679.51000000
1129000 98166.30900000
1130000 100009.34600000
1131000 97911.73700000
1132000 96594.14900000
1133000 93709.40400000
1134000 98501.82300000
1135000 97506.80900000
1136000 133065.13900000
1137000 139742.74400000
1138000 97345.12400000
1139000 98387.82700000
1140000 96815.36900000
1141000 99275.90900000
1142000 101246.51200000
1143000 142942.38300000
1144000 126252.29000000
1145000 127971.75100000
1146000 93491.47300000
1147000 90157.99300000
1148000 94876.27700000
1149000 132063.45400000
1150000 110177.06900000
1151000 101781.00400000
1152000 99895.24900000
1153000 110240.89000000
1154000 100643.67400000
1155000 101227.08500000
1156000 95773.30900000
1157000 103462.55500000
1158000 101263.09700000
1159000 102638.67300000
1160000 99859.64100000
1161000 104053.63100000
1162000 100548.58300000
1163000 104183.14200000
1164000 128330.69000000
1165000 105663.68400000
1166000 95319.07300000
1167000 110538.80700000
1168000 109216.91400000
1169000 109430.07600000
1170000 100888.44300000
1171000 112592.04300000
1172000 104487.88900000
1173000 100740.93900000
1174000 110720.84100000
1175000 99701.00900000
1176000 103605.32700000
1177000 98089.11100000
1178000 102199.52200000
1179000 102103.15300000
1180000 106457.31900000
1181000 99562.34700000
1182000 110390.76800000
1183000 99999.03900000
1184000 110377.81700000
1185000 102295.04200000
1186000 102106.02500000
1187000 100111.64800000
1188000 108406.52000000
1189000 103082.90700000
1190000 105606.83600000
1191000 115396.65100000
1192000 109275.49400000
1193000 136893.61400000
1194000 100861.44200000
1195000 97112.01400000
1196000 104766.20100000
1197000 109215.94500000
1198000 105530.72400000
1199000 97037.59900000
1200000 109486.24900000
1201000 102435.07700000
1202000 101839.42300000
1203000 107505.21900000
1204000 102073.30500000
1205000 103068.87400000
1206000 103939.99400000
1207000 108696.59800000
1208000 102476.96200000
1209000 107136.74600000
1210000 108982.76000000
1211000 102383.63000000
1212000 108703.98500000
1213000 106932.55800000
1214000 106651.76300000
1215000 105313.13400000
1216000 105058.70400000
1217000 86737.32400000
1218000 95550.31400000
1219000 124357.09900000
1220000 100997.35500000
1221000 104844.12000000
1222000 105348.70200000
1223000 103424.12400000
1224000 104304.96400000
1225000 97837.64100000
1226000 107543.79500000
1227000 103997.07600000
1228000 111886.57000000
1229000 110107.67000000
1230000 87668.46400000
1231000 98131.90300000
1232000 84689.94200000
1233000 109521.88600000
1234000 103560.97700000
1235000 101426.70300000
1236000 113042.18200000
1237000 95251.53500000
1238000 93790.81400000
1239000 93398.64300000
1240000 90094.93900000
1241000 86969.30000000
1242000 111852.51000000
1243000 117029.12500000
1244000 101374.25100000
1245000 93783.63100000
1246000 84113.15800000
1247000 85853.16300000
1248000 89504.54500000
1249000 97959.28000000
1250000 82992.52100000
1251000 86673.57200000
1252000 87629.73700000
1253000 89241.04900000
1254000 84829.82800000
1255000 98728.94100000
1256000 88806.23700000
1257000 88079.46900000
1258000 84363.58100000
1259000 85788.69600000
1260000 131140.35600000
1261000 95759.54900000
1262000 121930.81200000
1263000 112608.75100000
1264000 118906.50900000
1265000 118439.92800000
1266000 106980.52600000
1267000 96127.78800000
1268000 85634.78100000
1269000 88760.29500000
1270000 89216.32000000
1271000 124872.45500000
1272000 121766.40500000
1273000 132261.12700000
1274000 99823.54900000
1275000 118295.26300000
1276000 107580.98700000
1277000 100794.61900000
1278000 141070.43600000
1279000 105596.04000000
1280000 90659.34400000
1281000 90904.22300000
1282000 112498.21300000
1283000 112044.52300000
1284000 114065.47100000
1285000 102217.45400000
1286000 105148.53000000
1287000 117480.87900000
1288000 96123.74500000
1289000 118228.37500000
1290000 146780.94500000
1291000 134296.23500000
1292000 118078.40400000
1293000 112159.67800000
1294000 92679.33100000
1295000 135942.78900000
1296000 100293.19400000
1297000 84624.62800000
1298000 95450.06400000
1299000 90631.50000000
1300000 88179.87600000
1301000 112864.96600000
1302000 151826.75200000
1303000 127815.94800000
1304000 129694.40300000
1305000 109868.63900000
1306000 100505.26000000
1307000 108307.11300000
1308000 84119.88900000
1309000 88080.53200000
1310000 91729.67000000
1311000 86237.49100000
1312000 88212.81200000
1313000 95134.73900000
1314000 107031.34600000
1315000 96369.06100000
1316000 93880.51500000
1317000 99380.40500000
1318000 102560.60800000
1319000 106453.90400000
1320000 85982.70900000
1321000 107288.19200000
1322000 101003.15300000
1323000 109866.24700000
1324000 113894.63900000
1325000 88823.34100000
1326000 94485.48400000
1327000 91581.39200000
1328000 98595.74300000
1329000 99814.91800000
1330000 97359.89300000
1331000 108741.42000000
1332000 106646.02600000
1333000 89375.40600000
1334000 104852.30800000
1335000 100707.73700000
1336000 98969.86600000
1337000 107003.22000000
1338000 89183.26100000
1339000 103724.43400000
1340000 89708.88800000
1341000 105500.89600000
1342000 102620.21500000
1343000 95968.04900000
1344000 113969.12400000
1345000 95589.78800000
1346000 87003.32200000
1347000 91096.25300000
1348000 97089.14000000
1349000 87446.73200000
1350000 91249.56600000
1351000 87792.47400000
1352000 86882.06000000
1353000 86779.93100000
1354000 99487.81400000
1355000 140778.25500000
1356000 128504.61000000
1357000 130970.72100000
1358000 83651.37900000
1359000 83446.69500000
1360000 95026.44400000
1361000 84365.21100000
1362000 90243.51400000
1363000 88499.54600000
1364000 90879.41600000
1365000 89369.17100000
1366000 98971.05900000
1367000 124617.48100000
1368000 119258.16000000
1369000 100782.62700000
1370000 101552.85900000
1371000 87318.48700000
1372000 117283.36200000
1373000 126840.15100000
1374000 155366.82500000
1375000 118160.89300000
1376000 107771.18900000
1377000 132178.86600000
1378000 125002.54900000
1379000 129068.49500000
1380000 189789.61200000
1381000 109832.46100000
1382000 102268.57200000
1383000 166123.61400000
1384000 131454.60300000
1385000 156928.65000000
1386000 133218.87800000
1387000 124991.12000000
1388000 91487.90500000
1389000 84750.98600000
1390000 90493.48300000
1391000 105736.51100000
1392000 115913.54500000
1393000 104067.20500000
1394000 106769.80900000
1395000 119510.98000000
1396000 121021.68900000
1397000 114748.71000000
1398000 99418.52900000
1399000 85822.02500000
1400000 113244.35300000
1401000 119098.48300000
1402000 91426.56600000
1403000 91471.46400000
1404000 101226.81600000
1405000 127602.12800000
1406000 121718.84800000
1407000 107543.34600000
1408000 151007.29300000
1409000 171013.15700000
1410000 154684.91500000
1411000 135596.10700000
1412000 136266.13900000
1413000 153762.78100000
1414000 135220.93800000
1415000 120436.19900000
1416000 123597.49100000
1417000 147199.92000000
1418000 121511.74000000
1419000 138216.09900000
1420000 133714.94200000
1421000 151027.80700000
1422000 165864.38900000
1423000 169191.87000000
1424000 153576.79200000
1425000 151797.22700000
1426000 155693.61500000
1427000 130529.11500000
1428000 106955.42100000
1429000 137414.04400000
1430000 117786.94000000
1431000 114613.45900000
1432000 126039.22400000
1433000 133775.44400000
1434000 121602.09900000
1435000 166424.44600000
1436000 143538.08400000
1437000 124160.88800000
1438000 121528.04400000
1439000 117600.12200000
1440000 104501.45000000
1441000 121085.33700000
1442000 123016.63800000
1443000 101713.86700000
1444000 123979.29000000
1445000 135090.05300000
1446000 100349.13300000
1447000 130674.00500000
1448000 137357.99100000
1449000 138725.27500000
1450000 129855.42400000
1451000 139298.92300000
1452000 127594.39200000
1453000 96210.93700000
1454000 94398.23200000
1455000 111749.91300000
1456000 116346.39000000
1457000 143836.21200000
1458000 103264.21800000
1459000 114984.54300000
1460000 102081.41000000
1461000 110618.20800000
1462000 121390.26700000
1463000 143899.78300000
1464000 125600.28700000
1465000 133967.75100000
1466000 121511.84900000
1467000 106655.22600000
1468000 103107.49400000
1469000 112694.84200000
1470000 112754.21100000
1471000 108085.20600000
1472000 134331.68900000
1473000 114222.85800000
1474000 93243.90900000
1475000 128665.66700000
1476000 131044.57200000
1477000 135130.20800000
1478000 103495.76000000
1479000 93463.34100000
1480000 116869.25400000
1481000 101237.56600000
1482000 86751.99800000
1483000 106807.77600000
1484000 120627.25300000
1485000 116799.03400000
1486000 84628.13600000
1487000 115695.13000000
1488000 91969.94700000
1489000 106949.62300000
1490000 123353.15400000
1491000 130401.30900000
1492000 118484.05300000
1493000 105107.66300000
1494000 124332.72600000
1495000 83472.96500000
1496000 95830.45000000
1497000 85017.14600000
1498000 102628.04400000
1499000 161002.61000000
1500000 122395.54000000
1501000 99979.27100000
1502000 100323.92400000
1503000 143045.07600000
1504000 129243.23200000
1505000 138961.85200000
1506000 113885.97100000
1507000 120768.10000000
1508000 85969.23500000
1509000 86376.51300000
1510000 110790.57200000
1511000 94035.59500000
1512000 134739.73300000
1513000 162978.33700000
1514000 89617.67900000
1515000 85888.35600000
1516000 117747.00200000
1517000 107310.78400000
1518000 106714.75600000
1519000 117171.14300000
1520000 140564.12600000
1521000 147119.77900000
1522000 127273.78600000
1523000 92708.17600000
1524000 113745.91500000
1525000 115527.58500000
1526000 119571.16700000
1527000 110841.97100000
1528000 106273.17100000
1529000 99070.23500000
1530000 100848.00700000
1531000 115377.69100000
1532000 101372.50200000
1533000 108106.23000000
1534000 119622.52200000
1535000 124154.93300000
1536000 115062.96500000
1537000 116825.85100000
1538000 115826.82100000
1539000 112904.81000000
1540000 129753.84000000
1541000 102139.24400000
1542000 103488.40200000
1543000 102195.24600000
1544000 110053.57100000
1545000 110129.51500000
1546000 115272.13500000
1547000 97095.29500000
1548000 86147.46400000
1549000 94257.31900000
1550000 114036.44300000
1551000 123322.64200000
1552000 106844.62900000
1553000 106757.18600000
1554000 92972.15300000
1555000 77161.97400000
1556000 92738.97800000
1557000 88157.64900000
1558000 90145.33000000
1559000 90355.74200000
1560000 90746.62000000
1561000 78527.67900000
1562000 78370.78700000
1563000 80148.03100000
1564000 75245.35500000
1565000 78300.02700000
1566000 85505.16000000
1567000 92985.02200000
1568000 95128.90300000
1569000 95227.56500000
1570000 77179.21200000
1571000 82177.47400000
1572000 100410.03000000
1573000 112231.05900000
1574000 112510.37200000
1575000 122466.37400000
1576000 103738.89900000
1577000 131470.57200000
1578000 89166.00800000
1579000 80230.36200000
1580000 86048.63600000
1581000 78709.42400000
1582000 79738.78100000
1583000 98802.99300000
1584000 108963.33900000
1585000 108251.33500000
1586000 126057.69300000
1587000 92357.88200000
1588000 83512.55800000
1589000 76784.01000000
1590000 78526.66800000
1591000 72139.83000000
1592000 76637.66700000
1593000 87986.51000000
1594000 86955.76800000
1595000 124313.89900000
1596000 115651.44900000
1597000 83115.72900000
1598000 81195.46900000
1599000 95126.02900000
1600000 80315.00100000
1601000 92449.56400000
1602000 88532.97500000
1603000 87229.11800000
1604000 76534.18600000
1605000 77274.40700000
1606000 76747.86800000
1607000 73572.92000000
1608000 79840.12600000
1609000 76423.69800000
1610000 74636.55400000
1611000 82502.76900000
1612000 88750.67100000
1613000 86653.55700000
1614000 113277.42900000
1615000 105099.12200000
1616000 96395.87600000
1617000 94305.34900000
1618000 89764.69300000
1619000 87197.01600000
1620000 72729.74200000
1621000 89314.90600000
1622000 95230.58000000
1623000 87228.28400000
1624000 78902.28100000
1625000 80733.78400000
1626000 73550.95700000
1627000 75751.72400000
1628000 74304.69200000
1629000 84798.90400000
1630000 74822.17100000
1631000 76635.18300000
1632000 80192.69300000
1633000 80747.29600000
1634000 84553.23800000
1635000 83468.73700000
1636000 94384.64400000
1637000 92803.25000000
1638000 100319.19600000
1639000 103112.04300000
1640000 106054.64600000
1641000 83215.02900000
1642000 77555.70700000
1643000 73203.93300000
1644000 76237.08000000
1645000 105495.81000000
1646000 97537.91200000
1647000 87271.91400000
1648000 106728.01200000
1649000 121273.13900000
1650000 100060.81300000
1651000 132044.10400000
1652000 106980.30800000
1653000 114946.38000000
1654000 111330.93100000
1655000 121822.36800000
1656000 140630.70600000
1657000 125319.76200000
1658000 127484.65400000
1659000 113367.85400000
1660000 141020.08300000
1661000 144736.78500000
1662000 123629.80500000
1663000 154081.44900000
1664000 122919.52500000
1665000 125855.94700000
1666000 120595.24100000
1667000 155239.80400000
1668000 184578.84900000
1669000 159206.12000000
1670000 142124.57500000
1671000 161827.89000000
1672000 145995.71600000
1673000 152249.46600000
1674000 165904.67200000
1675000 120971.68100000
1676000 116409.07400000
1677000 131720.41800000
1678000 117058.28900000
1679000 137894.02200000
1680000 142112.32900000
1681000 132530.21800000
1682000 150689.97400000
1683000 136273.08100000
1684000 136833.62800000
1685000 130948.83900000
1686000 146650.33300000
1687000 144653.09300000
1688000 127702.43100000
1689000 126908.79000000
1690000 137506.52400000
1691000 137456.93400000
1692000 144634.45700000
1693000 135220.15600000
1694000 153311.98500000
1695000 130066.62600000
1696000 89219.74500000
1697000 95698.57000000
1698000 114591.67400000
1699000 84603.39800000
1700000 74461.43600000
1701000 68524.27400000
1702000 68937.29200000
1703000 77524.48900000
1704000 106231.19900000
1705000 73452.92200000
1706000 88038.73500000
1707000 89418.22400000
1708000 96770.39400000
1709000 123510.50100000
1710000 117266.18900000
1711000 110258.12100000
1712000 104620.46800000
1713000 81465.85100000
1714000 100432.75200000
1715000 115862.49600000
1716000 90030.23300000
1717000 108414.74100000
1718000 132206.01700000
1719000 126637.50000000
1720000 90398.61500000
1721000 120012.25200000
1722000 89648.19500000
1723000 83038.28600000
1724000 90733.42000000
1725000 108379.90500000
1726000 103311.43200000
1727000 100824.20400000
1728000 97498.97600000
1729000 90787.64800000
1730000 79645.92700000
1731000 118536.39000000
1732000 85576.41200000
1733000 70310.91200000
1734000 77570.92800000
1735000 86775.98400000
1736000 74286.18900000
1737000 73720.45200000
1738000 64519.83500000
1739000 64613.99100000
1740000 64131.65500000
1741000 71842.83900000
1742000 90933.13900000
1743000 111445.05200000
1744000 107125.13100000
1745000 98880.80900000
1746000 115517.82800000
1747000 76205.78300000
1748000 67670.71000000
1749000 69714.69200000
1750000 68792.28800000
1751000 64112.23300000
1752000 66066.09000000
1753000 73552.34300000
1754000 71232.48800000
1755000 70839.27500000
1756000 68363.87300000
1757000 95545.87700000
1758000 111605.98600000
1759000 132544.27900000
1760000 123664.61700000
1761000 130460.39900000
1762000 149072.74000000
1763000 129577.57300000
1764000 111434.22400000
1765000 109965.40900000
1766000 79637.02400000
1767000 101480.06900000
1768000 120428.94500000
1769000 89644.19700000
1770000 66050.31000000
1771000 66751.19200000
1772000 60697.07100000
1773000 63797.18900000
1774000 78030.20300000
1775000 98120.13400000
1776000 95246.82400000
1777000 102952.85700000
1778000 80937.25500000
1779000 86693.80000000
1780000 99878.44300000
1781000 110992.43100000
1782000 106506.08100000
1783000 117173.88200000
1784000 80881.08200000
1785000 72370.24500000
1786000 72543.83200000
1787000 85584.23200000
1788000 69178.64700000
1789000 62249.69300000
1790000 68298.13000000
1791000 77945.18200000
1792000 75023.42100000
1793000 60015.54300000
1794000 73791.72700000
1795000 63275.65300000
1796000 71878.11200000
1797000 80532.25000000
1798000 65157.03200000
1799000 79333.22000000
1800000 91014.33200000
1801000 68898.78400000
1802000 75229.92900000
1803000 97850.38300000
1804000 90288.98400000
1805000 91345.38100000
1806000 96235.13400000
1807000 68203.10800000
1808000 64495.32600000
1809000 60704.76700000
1810000 67823.15400000
1811000 66985.11900000
1812000 67080.43000000
1813000 70298.03600000
1814000 99022.83500000
1815000 99264.01100000
1816000 63402.73300000
1817000 67066.21000000
1818000 64663.61200000
1819000 77785.61100000
1820000 57376.51900000
1821000 70565.02400000
1822000 65173.21800000
1823000 75092.47500000
1824000 75730.06800000
1825000 80483.51900000
1826000 85329.25200000
1827000 63791.35000000
1828000 61327.95600000
1829000 68993.12200000
1830000 61488.75600000
1831000 91282.11400000
1832000 71542.70600000
1833000 66847.15100000
1834000 68778.68500000
1835000 56971.94200000
1836000 84416.52400000
1837000 69885.05100000
1838000 74555.70100000
1839000 56164.08900000
1840000 62019.15200000
1841000 58857.17700000
1842000 57991.17800000
1843000 55837.46200000
1844000 62139.18400000
1845000 58098.60100000
1846000 61170.65100000
1847000 69434.58200000
1848000 96499.36900000
1849000 89104.75700000
1850000 94949.35900000
1851000 102043.41900000
1852000 68714.29200000
1853000 78856.19000000
1854000 91939.10300000
1855000 76261.26500000
1856000 76291.39500000
1857000 89079.67800000
1858000 86182.92600000
1859000 80455.37900000
1860000 83033.13500000
1861000 95909.19500000
1862000 78475.27400000
1863000 96235.72600000
1864000 58938.70400000
1865000 57914.13100000
1866000 90293.26900000
1867000 89418.44700000
1868000 86385.26700000
1869000 97034.42500000
1870000 76433.24300000
1871000 64404.51000000
1872000 65091.76300000
1873000 63527.64800000
1874000 57776.04100000
1875000 58026.09400000
1876000 72875.02600000
1877000 77671.97700000
1878000 61166.86000000
1879000 65900.34900000
1880000 83663.33800000
1881000 65374.52800000
1882000 61561.34200000
1883000 67315.44800000
1884000 76174.89700000
1885000 84549.33700000
1886000 82809.24800000
1887000 71336.28300000
1888000 71985.47700000
1889000 65317.99200000
1890000 77341.96500000
1891000 99241.01200000
1892000 92426.06800000
1893000 94390.60600000
1894000 78478.73100000
1895000 63427.09800000
1896000 72717.54900000
1897000 77513.98600000
1898000 66926.69800000
1899000 65898.49700000
1900000 65671.23700000
1901000 68670.26300000
1902000 68474.80900000
1903000 69652.60900000
1904000 73830.31800000
1905000 66865.19400000
1906000 65708.59100000
1907000 67244.27700000
1908000 69909.36200000
1909000 75621.57600000
1910000 95756.42200000
1911000 105581.80800000
1912000 93104.50800000
1913000 95264.47500000
1914000 94494.23300000
1915000 81788.53700000
1916000 88809.87100000
1917000 97075.94800000
1918000 94261.19800000
1919000 93479.62300000
1920000 94150.89100000
1921000 104113.05800000
1922000 105931.32700000
1923000 114600.68900000
1924000 81847.68400000
1925000 85617.93600000
1926000 84032.01600000
1927000 72753.47700000
1928000 76241.53000000
1929000 79858.65100000
1930000 69715.80900000
1931000 84942.78500000
1932000 86497.25400000
1933000 83775.80800000
1934000 75358.96700000
1935000 68688.20300000
1936000 69319.86400000
1937000 68684.73000000
1938000 74037.57400000
1939000 78747.12200000
1940000 68570.28200000
1941000 72366.92900000
1942000 68479.28100000
1943000 64746.37400000
1944000 63045.52300000
1945000 65459.01500000
1946000 66449.29700000
1947000 72104.33600000
1948000 69925.86800000
1949000 66882.97100000
1950000 68033.81600000
1951000 73522.23700000
1952000 75796.63900000
1953000 79135.16200000
1954000 66533.02300000
1955000 62573.48500000
1956000 67070.31400000
1957000 62174.69600000
1958000 65239.76600000
1959000 69256.39600000
1960000 66787.94400000
1961000 67210.64000000
1962000 72983.93600000
1963000 65907.55000000
1964000 76009.08600000
This item is represented 16 times in the filter. Both buckets filled by the same fingerprint - cuckoo not possible
Params: 0x55fcc78f1e30 131 31 60 00000000000000000000000001001000 1

Bucket full or something, error: Bucket capacity reached
