100 16 0.00305176
200 16 0.00610352
300 16 0.00915527
400 16 0.01220703
500 16 0.01522827
600 16 0.01824951
700 16 0.02130127
800 16 0.02435303
900 16 0.02740479
1000 16 0.03045654
1100 17 0.03153722
1200 17 0.03440947
1300 17 0.03725299
1400 17 0.04012523
1500 17 0.04299747
1600 17 0.04581227
1700 17 0.04868451
1800 17 0.05147059
1900 17 0.05434283
2000 17 0.05721507
2100 18 0.05672201
2200 18 0.05943468
2300 18 0.06212023
2400 18 0.06480577
2500 18 0.06749132
2600 18 0.07020399
2700 18 0.07291667
2800 18 0.07560221
2900 18 0.07828776
3000 18 0.08094618
3100 19 0.07920436
3200 19 0.08172286
3300 19 0.08429276
3400 19 0.08683697
3500 19 0.08932977
3600 19 0.09189967
3700 19 0.09444387
3800 19 0.09698808
3900 19 0.09953228
4000 19 0.10207648
4100 20 0.09938965
4200 20 0.10180664
4300 20 0.10422363
4400 20 0.10659180
4500 20 0.10893555
4600 20 0.11132812
4700 20 0.11376953
4800 20 0.11616211
4900 20 0.11855469
5000 20 0.12092285
5100 20 0.12331543
5200 21 0.11972191
5300 21 0.12204706
5400 21 0.12425595
5500 21 0.12651135
5600 21 0.12878999
5700 21 0.13102214
5800 21 0.13327753
5900 21 0.13557943
6000 21 0.13790458
6100 21 0.14011347
6200 22 0.13587536
6300 22 0.13805043
6400 22 0.14024769
6500 22 0.14244496
6600 22 0.14462003
6700 22 0.14672852
6800 22 0.14888139
6900 22 0.15107866
7000 22 0.15329812
7100 22 0.15536222
7200 23 0.15066661
7300 23 0.15272588
7400 23 0.15482762
7500 23 0.15692935
7600 23 0.15896739
7700 23 0.16100543
7800 23 0.16306471
7900 23 0.16516644
8000 23 0.16720448
8100 23 0.16922130
8200 24 0.16414388
8300 24 0.16617839
8400 24 0.16819255
8500 24 0.17018636
8600 24 0.17215983
8700 24 0.17417399
8800 24 0.17616781
8900 24 0.17814128
9000 24 0.18009440
9100 24 0.18208822
9200 24 0.18408203
9300 25 0.17863281
9400 25 0.18054687
9500 25 0.18246094
9600 25 0.18433594
9700 25 0.18625000
9800 25 0.18820312
9900 25 0.19009766
10000 25 0.19199219
10100 25 0.19388672
10200 25 0.19580078
10300 26 0.19011043
10400 26 0.19196965
10500 26 0.19381010
10600 26 0.19565054
10700 26 0.19750977
10800 26 0.19938777
10900 26 0.20113431
11000 26 0.20297476
11100 26 0.20481520
11200 26 0.20665565
11300 27 0.20077402
11400 27 0.20249204
11500 27 0.20422815
11600 27 0.20598235
11700 27 0.20773655
11800 27 0.20945457
11900 27 0.21119068
12000 27 0.21299913
12100 27 0.21477141
12200 27 0.21654369
12300 28 0.21037946
12400 28 0.21205357
12500 28 0.21374512
12600 28 0.21545410
12700 28 0.21716309
12800 28 0.21888951
12900 28 0.22051130
13000 28 0.22220285
13100 28 0.22387695
13200 28 0.22553362
13300 28 0.22727748
13400 29 0.22103987
13500 29 0.22265625
13600 29 0.22432314
13700 29 0.22597320
13800 29 0.22760641
13900 29 0.22923963
14000 29 0.23088968
14100 29 0.23255657
14200 29 0.23418979
14300 29 0.23582301
14400 30 0.22952474
14500 30 0.23108724
14600 30 0.23268229
14700 30 0.23422852
14800 30 0.23582357
14900 30 0.23743490
15000 30 0.23902995
15100 30 0.24051107
15200 30 0.24207357
15300 30 0.24360352
15400 31 0.23724168
15500 31 0.23880103
15600 31 0.24032888
15700 31 0.24184098
15800 31 0.24332157
15900 31 0.24488092
16000 31 0.24642452
16100 31 0.24796812
16200 31 0.24952747
16300 31 0.25100806
16400 32 0.24465942
16500 32 0.24615479
16600 32 0.24758911
16700 32 0.24906921
16800 32 0.25059509
16900 32 0.25209045
17000 32 0.25355530
17100 32 0.25503540
17200 32 0.25653076
17300 32 0.25802612
17400 32 0.25947571
17500 33 0.25306286
17600 33 0.25449811
17700 33 0.25588897
17800 33 0.25735381
17900 33 0.25881866
18000 33 0.26025391
18100 33 0.26164477
18200 33 0.26299124
18300 33 0.26442649
18400 33 0.26583215
18500 34 0.25937787
18600 34 0.26079963
18700 34 0.26219267
18800 34 0.26352826
18900 34 0.26490694
19000 34 0.26628562
19100 34 0.26772174
19200 34 0.26911477
19300 34 0.27049345
19400 34 0.27184341
19500 35 0.26541574
19600 35 0.26676897
19700 35 0.26806641
19800 35 0.26940569
19900 35 0.27074498
20000 35 0.27205636
20100 35 0.27338170
20200 35 0.27474888
20300 35 0.27604632
20400 35 0.27737165
20500 36 0.27095540
20600 36 0.27221680
20700 36 0.27353244
20800 36 0.27484809
20900 36 0.27613661
21000 36 0.27745226
21100 36 0.27871365
21200 36 0.28000217
21300 36 0.28129069
21400 36 0.28260634
21500 36 0.28393555
21600 37 0.27752851
21700 37 0.27879540
21800 37 0.28003590
21900 37 0.28132918
22000 37 0.28259607
22100 37 0.28383657
22200 37 0.28506387
22300 37 0.28633076
22400 37 0.28758446
22500 37 0.28885135
22600 38 0.28243215
22700 38 0.28367856
22800 38 0.28489926
22900 38 0.28615851
23000 38 0.28736637
23100 38 0.28856137
23200 38 0.28980777
23300 38 0.29104132
23400 38 0.29223633
23500 38 0.29346988
23600 39 0.28715946
23700 39 0.28836138
23800 39 0.28956330
23900 39 0.29079026
24000 39 0.29201723
24100 39 0.29321915
24200 39 0.29442107
24300 39 0.29562300
24400 39 0.29681240
24500 39 0.29798928
24600 40 0.29172363
24700 40 0.29289551
24800 40 0.29409180
24900 40 0.29527588
25000 40 0.29649658
25100 40 0.29770508
25200 40 0.29887695
25300 40 0.30007324
25400 40 0.30125732
25500 40 0.30244141
25600 41 0.29624381
25700 41 0.29736328
25800 41 0.29850657
25900 41 0.29967369
26000 41 0.30081698
26100 41 0.30194836
26200 41 0.30306784
26300 41 0.30419922
26400 41 0.30533060
26500 41 0.30646199
26600 41 0.30760528
26700 42 0.30137416
26800 42 0.30251349
26900 42 0.30364118
27000 42 0.30476888
27100 42 0.30587333
27200 42 0.30700102
27300 42 0.30808222
27400 42 0.30922154
27500 42 0.31036086
27600 42 0.31148856
27700 43 0.30534611
27800 43 0.30642487
27900 43 0.30751499
28000 43 0.30858239
28100 43 0.30969522
28200 43 0.31078534
28300 43 0.31188681
28400 43 0.31298828
28500 43 0.31403298
28600 43 0.31515716
28700 44 0.30902654
28800 44 0.31004750
28900 44 0.31110174
29000 44 0.31216708
29100 44 0.31321023
29200 44 0.31428667
29300 44 0.31530762
29400 44 0.31635076
29500 44 0.31739391
29600 44 0.31841486
29700 45 0.31233724
29800 45 0.31336806
29900 45 0.31443142
30000 45 0.31551649
30100 45 0.31653646
30200 45 0.31754557
30300 45 0.31859809
30400 45 0.31959635
30500 45 0.32067057
30600 45 0.32165799
30700 45 0.32272135
30800 46 0.31672469
30900 46 0.31770126
31000 46 0.31872028
31100 46 0.31969684
31200 46 0.32075832
31300 46 0.32176673
31400 46 0.32277514
31500 46 0.32377293
31600 46 0.32481318
31700 46 0.32583220
31800 47 0.31989694
31900 47 0.32088389
32000 47 0.32191240
32100 47 0.32289935
32200 47 0.32390708
32300 47 0.32490442
32400 47 0.32591215
32500 47 0.32689910
32600 47 0.32793800
32700 47 0.32894573
32800 48 0.32302856
32900 48 0.32401530
33000 48 0.32499186
33100 48 0.32597860
33200 48 0.32696533
33300 48 0.32797241
33400 48 0.32897949
33500 48 0.32996623
33600 48 0.33096313
33700 48 0.33196004
33800 49 0.32616191
33900 49 0.32710858
34000 49 0.32805525
34100 49 0.32903181
34200 49 0.32995855
34300 49 0.33089525
34400 49 0.33186185
34500 49 0.33282844
34600 49 0.33378508
34700 49 0.33470185
34800 49 0.33565848
34900 50 0.32988281
35000 50 0.33079102
35100 50 0.33174805
35200 50 0.33271484
35300 50 0.33365234
35400 50 0.33461914
35500 50 0.33556641
35600 50 0.33650391
35700 50 0.33745117
35800 50 0.33838867
35900 51 0.33268229
36000 51 0.33361098
36100 51 0.33451095
36200 51 0.33542050
36300 51 0.33635876
36400 51 0.33725873
36500 51 0.33818742
36600 51 0.33911612
36700 51 0.34006396
36800 51 0.34094478
36900 52 0.33529898
37000 52 0.33620981
37100 52 0.33712064
37200 52 0.33805026
37300 52 0.33898926
37400 52 0.33988131
37500 52 0.34076397
37600 52 0.34165602
37700 52 0.34258564
37800 52 0.34350586
37900 53 0.33792748
38000 53 0.33879348
38100 53 0.33965949
38200 53 0.34058078
38300 53 0.34147443
38400 53 0.34238650
38500 53 0.34327093
38600 53 0.34417379
38700 53 0.34505823
38800 53 0.34593345
38900 53 0.34678103
39000 54 0.34124530
39100 54 0.34208623
39200 54 0.34296332
39300 54 0.34383138
39400 54 0.34472656
39500 54 0.34559462
39600 54 0.34645363
39700 54 0.34728552
39800 54 0.34817166
39900 54 0.34901259
40000 55 0.34352805
40100 55 0.34438920
40200 55 0.34524148
40300 55 0.34610263
40400 55 0.34695490
40500 55 0.34778054
40600 55 0.34865057
40700 55 0.34951172
40800 55 0.35038175
40900 55 0.35123402
41000 56 0.34581648
41100 56 0.34666225
41200 56 0.34752546
41300 56 0.34838867
41400 56 0.34924316
41500 56 0.35009766
41600 56 0.35092599
41700 56 0.35174561
41800 56 0.35257394
41900 56 0.35341099
42000 57 0.34805030
42100 57 0.34886410
42200 57 0.34968647
42300 57 0.35050884
42400 57 0.35133978
42500 57 0.35215358
42600 57 0.35295881
42700 57 0.35379831
42800 57 0.35462068
42900 57 0.35546018
43000 57 0.35628255
43100 58 0.35093110
43200 58 0.35174771
43300 58 0.35256432
43400 58 0.35337251
43500 58 0.35418070
43600 58 0.35498889
43700 58 0.35581391
43800 58 0.35663894
43900 58 0.35745555
44000 58 0.35827216
44100 59 0.35300252
44200 59 0.35380528
44300 59 0.35457495
44400 59 0.35538599
44500 59 0.35620531
44600 59 0.35701635
44700 59 0.35781912
44800 59 0.35862189
44900 59 0.35940810
45000 59 0.36022742
45100 60 0.35496419
45200 60 0.35574544
45300 60 0.35651855
45400 60 0.35728353
45500 60 0.35805664
45600 60 0.35882975
45700 60 0.35961100
45800 60 0.36039225
45900 60 0.36118164
46000 60 0.36197103
46100 61 0.35680552
46200 61 0.35758197
46300 61 0.35834241
46400 61 0.35907883
46500 61 0.35984727
46600 61 0.36060771
46700 61 0.36138416
46800 61 0.36215260
46900 61 0.36291304
47000 61 0.36368148
47100 61 0.36447394
47200 62 0.35936712
47300 62 0.36012317
47400 62 0.36083984
47500 62 0.36161164
47600 62 0.36236769
47700 62 0.36312374
47800 62 0.36384829
47900 62 0.36459646
48000 62 0.36533676
48100 62 0.36607705
48200 63 0.36101035
48300 63 0.36172340
48400 63 0.36246745
48500 63 0.36318824
48600 63 0.36394004
48700 63 0.36468409
48800 63 0.36543589
48900 63 0.36617994
49000 63 0.36692398
49100 63 0.36763703
49200 64 0.36263275
49300 64 0.36336517
49400 64 0.36408997
49500 64 0.36479950
49600 64 0.36553955
49700 64 0.36626434
49800 64 0.36697388
49900 64 0.36767578
50000 64 0.36838531
50100 64 0.36913300
50200 65 0.36417518
50300 65 0.36491136
50400 65 0.36561749
50500 65 0.36632362
50600 65 0.36705980
50700 65 0.36775841
50800 65 0.36845703
50900 65 0.36917067
51000 65 0.36988431
51100 65 0.37059796
51200 66 0.36569306
51300 66 0.36640329
51400 66 0.36711352
51500 66 0.36777196
51600 66 0.36850438
51700 66 0.36920721
51800 66 0.36991004
51900 66 0.37060547
52000 66 0.37133049
52100 66 0.37204072
52200 66 0.37275835
52300 67 0.36790170
52400 67 0.36858675
52500 67 0.36928638
52600 67 0.37000787
52700 67 0.37071479
52800 67 0.37139984
52900 67 0.37209946
53000 67 0.37280638
53100 67 0.37351329
53200 67 0.37421292
53300 68 0.36939913
53400 68 0.37007410
53500 68 0.37076344
53600 68 0.37145278
53700 68 0.37213494
53800 68 0.37282428
53900 68 0.37349925
54000 68 0.37420295
54100 68 0.37491383
54200 68 0.37561035
54300 69 0.37083899
54400 69 0.37151834
54500 69 0.37217646
54600 69 0.37284873
54700 69 0.37350685
54800 69 0.37419327
54900 69 0.37483724
55000 69 0.37551659
55100 69 0.37619594
55200 69 0.37687528
55300 70 0.37216099
55400 70 0.37280971
55500 70 0.37346540
55600 70 0.37414202
55700 70 0.37476283
55800 70 0.37540458
55900 70 0.37603237
56000 70 0.37668806
56100 70 0.37734375
56200 70 0.37800642
56300 70 0.37866908
56400 71 0.37398217
56500 71 0.37463551
56600 71 0.37525446
56700 71 0.37592154
56800 71 0.37656112
56900 71 0.37723509
57000 71 0.37788155
57100 71 0.37856239
57200 71 0.37922260
57300 71 0.37986906
57400 72 0.37526449
57500 72 0.37592231
57600 72 0.37657335
57700 72 0.37720405
57800 72 0.37784831
57900 72 0.37850613
58000 72 0.37915039
58100 72 0.37980821
58200 72 0.38045926
58300 72 0.38111708
58400 73 0.37653842
58500 73 0.37718054
58600 73 0.37776916
58700 73 0.37839121
58800 73 0.37904003
58900 73 0.37969553
59000 73 0.38032427
59100 73 0.38099315
59200 73 0.38163527
59300 73 0.38227740
59400 74 0.37773174
59500 74 0.37835858
59600 74 0.37897883
59700 74 0.37957269
59800 74 0.38021273
59900 74 0.38082638
60000 74 0.38144003
60100 74 0.38209327
60200 74 0.38269373
60300 74 0.38332717
60400 74 0.38395402
60500 75 0.37944661
60600 75 0.38007161
60700 75 0.38069010
60800 75 0.38133464
60900 75 0.38194010
61000 75 0.38255208
61100 75 0.38317708
61200 75 0.38379557
61300 75 0.38441406
61400 75 0.38503255
61500 76 0.38058311
61600 76 0.38118061
61700 76 0.38181024
61800 76 0.38242059
61900 76 0.38303737
62000 76 0.38366699
62100 76 0.38427092
62200 76 0.38488127
62300 76 0.38547235
62400 76 0.38608270
62500 77 0.38167740
62600 77 0.38228617
62700 77 0.38290762
62800 77 0.38349102
62900 77 0.38409345
63000 77 0.38469587
63100 77 0.38530464
63200 77 0.38591340
63300 77 0.38650315
63400 77 0.38711191
63500 78 0.38274990
63600 78 0.38333834
63700 78 0.38393304
63800 78 0.38454652
63900 78 0.38516001
64000 78 0.38574845
64100 78 0.38633063
64200 78 0.38692533
64300 78 0.38746369
64400 78 0.38802709
64500 78 0.38862805
64600 79 0.38430825
64700 79 0.38488306
64800 79 0.38545169
64900 79 0.38601414
65000 79 0.38659513
65100 79 0.38715759
65200 79 0.38775712
65300 79 0.38833811
65400 79 0.38891911
65500 79 0.38946920
65600 80 0.38518066
65700 80 0.38576050
65800 80 0.38632202
65900 80 0.38690796
66000 80 0.38747559
66100 80 0.38805542
66200 80 0.38863525
66300 80 0.38919678
66400 80 0.38976440
66500 80 0.39035645
66600 81 0.38610388
66700 81 0.38665244
66800 81 0.38722512
66900 81 0.38779779
67000 81 0.38835841
67100 81 0.38893711
67200 81 0.38947965
67300 81 0.39004630
67400 81 0.39058280
67500 81 0.39115548
67600 82 0.38694503
67700 82 0.38750476
67800 82 0.38807046
67900 82 0.38863615
68000 82 0.38921375
68100 82 0.38976158
68200 82 0.39032131
68300 82 0.39088105
68400 82 0.39142292
68500 82 0.39198861
68600 82 0.39256026
68700 83 0.38838361
68800 83 0.38892484
68900 83 0.38948960
69000 83 0.39007201
69100 83 0.39063088
69200 83 0.39120152
69300 83 0.39176040
69400 83 0.39229575
69500 83 0.39286050
69600 83 0.39341350
69700 84 0.38928223
69800 84 0.38982864
69900 84 0.39037505
70000 84 0.39093308
70100 84 0.39149112
70200 84 0.39202009
70300 84 0.39256069
70400 84 0.39311291
70500 84 0.39366513
70600 84 0.39421154
70700 85 0.39012523
70800 85 0.39066521
70900 85 0.39120519
71000 85 0.39175092
71100 85 0.39231388
71200 85 0.39285386
71300 85 0.39337086
71400 85 0.39392233
71500 85 0.39446806
71600 85 0.39500230
71700 86 0.39093160
71800 86 0.39145962
71900 86 0.39199332
72000 86 0.39253270
72100 86 0.39305505
72200 86 0.39358308
72300 86 0.39409975
72400 86 0.39462777
72500 86 0.39515012
72600 86 0.39566111
72700 86 0.39617210
72800 87 0.39215719
72900 87 0.39266792
73000 87 0.39318427
73100 87 0.39373429
73200 87 0.39426185
73300 87 0.39476697
73400 87 0.39530015
73500 87 0.39579405
73600 87 0.39632161
73700 87 0.39683796
73800 88 0.39285556
73900 88 0.39336048
74000 88 0.39387651
74100 88 0.39440363
74200 88 0.39493075
74300 88 0.39547452
74400 88 0.39596835
74500 88 0.39651212
74600 88 0.39702259
74700 88 0.39755526
74800 89 0.39362601
74900 89 0.39414172
75000 89 0.39466841
75100 89 0.39516218
75200 89 0.39564497
75300 89 0.39614971
75400 89 0.39668737
75500 89 0.39722503
75600 89 0.39771331
75700 89 0.39821256
75800 90 0.39429796
75900 90 0.39481337
76000 90 0.39532878
76100 90 0.39583333
76200 90 0.39634874
76300 90 0.39685872
76400 90 0.39736871
76500 90 0.39787869
76600 90 0.39838867
76700 90 0.39889323
76800 91 0.39500880
76900 91 0.39551318
77000 91 0.39601756
77100 91 0.39650584
77200 91 0.39699948
77300 91 0.39751996
77400 91 0.39801897
77500 91 0.39851799
77600 91 0.39902236
77700 91 0.39953211
77800 91 0.40005258
77900 92 0.39619247
78000 92 0.39671259
78100 92 0.39720087
78200 92 0.39770508
78300 92 0.39821990
78400 92 0.39871879
78500 92 0.39920177
78600 92 0.39969535
78700 92 0.40018364
78800 92 0.40069845
78900 93 0.39689390
79000 93 0.39739793
79100 93 0.39788096
79200 93 0.39836925
79300 93 0.39886278
79400 93 0.39934581
79500 93 0.39984459
79600 93 0.40033287
79700 93 0.40082640
79800 93 0.40128318
79900 94 0.39749730
80000 94 0.39797000
80100 94 0.39845308
80200 94 0.39894656
80300 94 0.39945562
80400 94 0.39992312
80500 94 0.40039582
80600 94 0.40087371
80700 94 0.40135160
80800 94 0.40182950
80900 95 0.39806743
81000 95 0.39854544
81100 95 0.39901830
81200 95 0.39951686
81300 95 0.40002056
81400 95 0.40050370
81500 95 0.40098170
81600 95 0.40146998
81700 95 0.40193771
81800 95 0.40242085
81900 95 0.40288857
82000 96 0.39915466
82100 96 0.39963277
82200 96 0.40011088
82300 96 0.40058390
82400 96 0.40104167
82500 96 0.40148926
82600 96 0.40195211
82700 96 0.40242004
82800 96 0.40290324
82900 96 0.40336609
83000 97 0.39967582
83100 97 0.40015907
83200 97 0.40061715
83300 97 0.40106516
83400 97 0.40149807
83500 97 0.40194608
83600 97 0.40241422
83700 97 0.40286223
83800 97 0.40331528
83900 97 0.40378342
84000 98 0.40011659
84100 98 0.40058494
84200 98 0.40102340
84300 98 0.40149673
84400 98 0.40195512
84500 98 0.40238859
84600 98 0.40283701
84700 98 0.40330038
84800 98 0.40376375
84900 98 0.40421716
85000 99 0.40058791
85100 99 0.40104167
85200 99 0.40150036
85300 99 0.40195411
85400 99 0.40242266
85500 99 0.40287149
85600 99 0.40331045
85700 99 0.40373954
85800 99 0.40418837
85900 99 0.40459774
86000 99 0.40503176
86100 100 0.40140137
86200 100 0.40183105
86300 100 0.40225586
86400 100 0.40269043
86500 100 0.40312500
86600 100 0.40356934
86700 100 0.40398438
86800 100 0.40440918
86900 100 0.40485352
87000 100 0.40529785
87100 101 0.40170077
87200 101 0.40213587
87300 101 0.40257580
87400 101 0.40302541
87500 101 0.40347502
87600 101 0.40390045
87700 101 0.40432588
87800 101 0.40477065
87900 101 0.40520575
88000 101 0.40563602
88100 102 0.40209482
88200 102 0.40253045
88300 102 0.40296607
88400 102 0.40338733
88500 102 0.40381817
88600 102 0.40423464
88700 102 0.40467984
88800 102 0.40509632
88900 102 0.40551279
89000 102 0.40594841
89100 103 0.40244330
89200 103 0.40285099
89300 103 0.40325394
89400 103 0.40362845
89500 103 0.40405036
89600 103 0.40447228
89700 103 0.40488945
89800 103 0.40528292
89900 103 0.40569535
90000 103 0.40609830
90100 103 0.40654866
90200 104 0.40301983
90300 104 0.40343769
90400 104 0.40382268
90500 104 0.40421706
90600 104 0.40462553
90700 104 0.40501521
90800 104 0.40544246
90900 104 0.40586031
91000 104 0.40627817
91100 104 0.40669133
91200 105 0.40322266
91300 105 0.40362258
91400 105 0.40404576
91500 105 0.40445499
91600 105 0.40483631
91700 105 0.40524554
91800 105 0.40561756
91900 105 0.40599888
92000 105 0.40640346
92100 105 0.40681269
92200 106 0.40336638
92300 106 0.40376714
92400 106 0.40416329
92500 106 0.40455483
92600 106 0.40494177
92700 106 0.40533332
92800 106 0.40569262
92900 106 0.40607496
93000 106 0.40648032
93100 106 0.40686265
93200 107 0.40345721
93300 107 0.40384510
93400 107 0.40421017
93500 107 0.40461175
93600 107 0.40500420
93700 107 0.40537383
93800 107 0.40574347
93900 107 0.40614048
94000 107 0.40654662
94100 107 0.40690713
94200 107 0.40726763
94300 108 0.40388093
94400 108 0.40426975
94500 108 0.40461787
94600 108 0.40498861
94700 108 0.40535482
94800 108 0.40572103
94900 108 0.40606011
95000 108 0.40641728
95100 108 0.40680610
95200 108 0.40718135
95300 109 0.40382651
95400 109 0.40420280
95500 109 0.40457013
95600 109 0.40489715
95700 109 0.40526000
95800 109 0.40560941
95900 109 0.40595434
96000 109 0.40629928
96100 109 0.40661285
96200 109 0.40696674
96300 110 0.40362216
96400 110 0.40396396
96500 110 0.40432351
96600 110 0.40471857
96700 110 0.40506037
96800 110 0.40538441
96900 110 0.40569957
97000 110 0.40602362
97100 110 0.40637873
97200 110 0.40669833
97300 111 0.40334671
97400 111 0.40367223
97500 111 0.40401534
97600 111 0.40438485
97700 111 0.40473237
97800 111 0.40507549
97900 111 0.40540541
98000 111 0.40569134
98100 111 0.40606085
98200 111 0.40639516
98300 111 0.40674268
98400 112 0.40345110
98500 112 0.40378244
98600 112 0.40412249
98700 112 0.40446690
98800 112 0.40477644
98900 112 0.40511213
99000 112 0.40544782
99100 112 0.40577480
99200 112 0.40607997
99300 112 0.40641131
99400 113 0.40311290
99500 113 0.40343266
99600 113 0.40373514
99700 113 0.40404193
99800 113 0.40437465
99900 114 0.40111876
100000 114 0.40141002
100100 114 0.40171412
100200 114 0.40205249
100300 114 0.40236517
100400 115 0.39920177
100500 115 0.39949049
100600 115 0.39980044
100700 115 0.40008916
100800 115 0.40041610
100900 115 0.40072605
101000 115 0.40103601
101100 115 0.40136719
101200 115 0.40167714
101300 115 0.40197860
101400 116 0.39883318
101500 116 0.39915729
101600 116 0.39949825
101700 116 0.39981395
101800 116 0.40012965
101900 116 0.40046218
102000 116 0.40079472
102100 116 0.40111042
102200 116 0.40144716
102300 116 0.40176286
102400 117 0.39861695
102500 117 0.39890909
102600 117 0.39923878
102700 117 0.39956013
102800 117 0.39987730
102900 117 0.40019030
103000 117 0.40052000
103100 117 0.40083300
103200 118 0.39774646
103300 118 0.39806508
103400 118 0.39842095
103500 119 0.39538472
103600 119 0.39571297
103700 119 0.39602071
103800 119 0.39633256
103900 119 0.39664030
104000 119 0.39694393
104100 119 0.39721064
104200 119 0.39749787
104300 120 0.39447021
104400 120 0.39476725
104500 121 0.39181544
104600 121 0.39212616
104700 121 0.39241671
104800 121 0.39271129
104900 121 0.39305834
105000 121 0.39335695
105100 121 0.39367171
105200 121 0.39396226
105300 121 0.39430123
105400 121 0.39460792
105500 122 0.39169762
105600 122 0.39203781
105700 122 0.39232998
105800 122 0.39264616
105900 122 0.39292232
106000 122 0.39321849
106100 122 0.39352267
106200 122 0.39382684
106300 122 0.39413502
106400 122 0.39444320
106500 123 0.39156980
106600 123 0.39186754
106700 123 0.39220100
106800 123 0.39250270
106900 123 0.39279646
107000 123 0.39311404
107100 123 0.39343956
107200 123 0.39372936
107300 123 0.39404694
107400 123 0.39432482
107500 123 0.39466622
107600 124 0.39180633
107700 124 0.39213316
107800 124 0.39244818
107900 125 0.38958984
108000 125 0.38992578
108100 125 0.39024219
108200 125 0.39056250
108300 126 0.38775344
108400 126 0.38804021
108500 126 0.38832698
108600 127 0.38556533
108700 127 0.38586137
108800 127 0.38614588
108900 127 0.38642655
109000 127 0.38673028
109100 127 0.38703017
109200 127 0.38731084
109300 127 0.38761073
109400 127 0.38791446
109500 127 0.38821820
109600 127 0.38852962
109700 127 0.38882182
109800 127 0.38912940
109900 128 0.38638687
110000 128 0.38669205
110100 128 0.38700485
110200 128 0.38730621
110300 128 0.38761139
110400 128 0.38791275
110500 128 0.38821030
110600 129 0.38553779
110700 129 0.38586710
110800 129 0.38619262
110900 129 0.38649921
111000 129 0.38680959
111100 129 0.38711619
111200 129 0.38744171
111300 129 0.38771424
111400 129 0.38799434
111500 129 0.38828579
111600 129 0.38860374
111700 129 0.38888384
111800 129 0.38918287
111900 129 0.38947811
112000 129 0.38978849
112100 129 0.39010644
112200 129 0.39043574
112300 129 0.39074612
112400 129 0.39104515
112500 129 0.39135931
112600 129 0.39164698
112700 130 0.38896484
112800 130 0.38928410
112900 131 0.38663675
113000 131 0.38693494
113100 131 0.38720330
113200 131 0.38750522
113300 131 0.38778477
113400 132 0.38515033
113500 133 0.38253348
113600 133 0.38282719
113700 133 0.38314292
113800 133 0.38344029
113900 133 0.38375235
114000 133 0.38404605
114100 133 0.38437647
114200 133 0.38469220
114300 133 0.38501160
114400 134 0.38243718
114500 134 0.38273233
114600 134 0.38303113
114700 134 0.38334815
114800 134 0.38364695
114900 134 0.38396033
115000 135 0.38140553
115100 135 0.38170573
115200 135 0.38199146
115300 135 0.38230975
115400 135 0.38261357
115500 135 0.38291016
115600 135 0.38318504
115700 135 0.38348524
115800 136 0.38094195
115900 136 0.38124354
116000 136 0.38154153
116100 136 0.38185030
116200 136 0.38213752
116300 136 0.38244270
116400 136 0.38274069
116500 136 0.38304587
116600 136 0.38333309
116700 136 0.38363109
116800 137 0.38113737
116900 137 0.38144032
117000 137 0.38173614
117100 137 0.38202483
117200 137 0.38229927
117300 137 0.38257014
117400 137 0.38286953
117500 137 0.38318673
117600 137 0.38348968
117700 137 0.38376768
117800 138 0.38128751
117900 138 0.38159180
118000 138 0.38182886
118100 138 0.38212254
118200 138 0.38243391
118300 138 0.38273112
118400 138 0.38302833
118500 138 0.38331140
118600 138 0.38361569
118700 138 0.38389521
118800 139 0.38142845
118900 139 0.38173055
119000 139 0.38201860
119100 139 0.38228558
119200 139 0.38256309
119300 139 0.38287573
119400 139 0.38316378
119500 139 0.38346237
119600 139 0.38371529
119700 139 0.38398929
119800 139 0.38427383
119900 140 0.38180455
120000 140 0.38210449
120100 140 0.38238700
120200 140 0.38267648
120300 140 0.38296247
120400 140 0.38324847
120500 140 0.38353097
120600 140 0.38382394
120700 140 0.38408901
120800 140 0.38438198
120900 141 0.38193983
121000 141 0.38222379
121100 142 0.37981748
121200 142 0.38009257
121300 142 0.38037797
121400 142 0.38067025
121500 143 0.37829163
121600 143 0.37856821
121700 143 0.37882430
121800 143 0.37910088
121900 144 0.37673611
122000 144 0.37702094
122100 145 0.37468683
122200 145 0.37495622
122300 145 0.37524246
122400 146 0.37294989
122500 146 0.37322413
122600 146 0.37347830
122700 146 0.37375254
122800 146 0.37398999
122900 147 0.37173483
123000 147 0.37201052
123100 147 0.37228622
123200 147 0.37258517
123300 147 0.37284425
123400 147 0.37311331
123500 147 0.37339233
123600 147 0.37366802
123700 147 0.37393707
123800 147 0.37420945
123900 147 0.37448515
124000 148 0.37220228
124100 148 0.37248271
124200 148 0.37275984
124300 148 0.37303038
124400 148 0.37330421
124500 148 0.37359784
124600 148 0.37387827
124700 148 0.37415211
124800 148 0.37441274
124900 148 0.37467338
125000 149 0.37243407
125100 149 0.37271262
125200 149 0.37296823
125300 149 0.37322711
125400 149 0.37350239
125500 149 0.37377766
125600 149 0.37403655
125700 149 0.37428888
125800 149 0.37454777
125900 149 0.37481976
126000 150 0.37258138
126100 150 0.37285482
126200 150 0.37314128
126300 150 0.37340495
126400 150 0.37368815
126500 150 0.37393229
126600 150 0.37418945
126700 151 0.37198624
126800 151 0.37226433
126900 151 0.37251979
127000 152 0.37032278
127100 152 0.37059904
127200 152 0.37084318
127300 152 0.37110339
127400 152 0.37137323
127500 152 0.37164949
127600 152 0.37190327
127700 152 0.37214420
127800 152 0.37239797
127900 152 0.37265497
128000 153 0.37049058
128100 153 0.37072993
128200 153 0.37098524
128300 153 0.37124694
128400 153 0.37150225
128500 153 0.37175117
128600 153 0.37203521
128700 153 0.37230328
128800 153 0.37256179
128900 153 0.37283944
129000 153 0.37311389
129100 154 0.37096375
129200 154 0.37122058
129300 154 0.37148691
129400 154 0.37174373
129500 154 0.37199739
129600 154 0.37224787
129700 154 0.37250786
129800 154 0.37277737
129900 154 0.37304053
130000 154 0.37330370
130100 155 0.37115360
130200 155 0.37140247
130300 155 0.37165764
130400 155 0.37190965
130500 155 0.37217112
130600 155 0.37243889
130700 155 0.37270035
130800 155 0.37296812
130900 155 0.37322014
131000 155 0.37348790
131100 156 0.37135041
131200 156 0.37161333
131300 156 0.37188251
131400 156 0.37214230
131500 156 0.37239896
131600 156 0.37266814
131700 156 0.37293106
131800 156 0.37316269
131900 156 0.37342248
132000 156 0.37368227
132100 157 0.37153538
132200 158 0.36943730
132300 158 0.36967217
132400 158 0.36993485
132500 158 0.37020063
132600 158 0.37045095
132700 158 0.37070745
132800 158 0.37096704
132900 158 0.37122664
133000 158 0.37149550
133100 158 0.37173346
133200 159 0.36965962
133300 159 0.36991758
133400 159 0.37017554
133500 159 0.37042428
133600 159 0.37068838
133700 159 0.37092792
133800 159 0.37119509
133900 159 0.37144077
134000 159 0.37168337
134100 159 0.37193826
134200 160 0.36986694
134300 160 0.37012329
134400 160 0.37035217
134500 160 0.37062683
134600 160 0.37088623
134700 160 0.37116394
134800 160 0.37142639
134900 160 0.37167053
135000 160 0.37192078
135100 160 0.37216797
135200 161 0.37010202
135300 161 0.37035071
135400 161 0.37059030
135500 161 0.37084506
135600 161 0.37109375
135700 162 0.36904417
135800 162 0.36927927
135900 162 0.36953547
136000 162 0.36979468
136100 162 0.37004485
136200 163 0.36800230
136300 163 0.36824494
136400 163 0.36849358
136500 163 0.36873922
136600 163 0.36897287
136700 163 0.36919754
136800 163 0.36944318
136900 163 0.36967384
137000 163 0.36993446
137100 163 0.37020406
137200 163 0.37047067
137300 164 0.36842607
137400 164 0.36865234
137500 164 0.36890839
137600 164 0.36915551
137700 164 0.36939667
137800 164 0.36964082
137900 164 0.36987602
138000 164 0.37012016
138100 164 0.37037919
138200 164 0.37062929
138300 165 0.36862867
138400 165 0.36888909
138500 165 0.36914654
138600 165 0.36938920
138700 165 0.36962595
138800 165 0.36984789
138900 165 0.37009351
139000 165 0.37034209
139100 165 0.37056404
139200 165 0.37079782
139300 166 0.36880236
139400 166 0.36905238
139500 166 0.36930535
139600 166 0.36955537
139700 166 0.36979951
139800 166 0.37006130
139900 166 0.37030838
140000 166 0.37055546
140100 166 0.37079372
140200 166 0.37104080
140300 167 0.36904706
140400 167 0.36926635
140500 167 0.36948271
140600 167 0.36970200
140700 167 0.36993883
140800 167 0.37016982
140900 167 0.37041250
141000 167 0.37065225
141100 167 0.37088031
141200 167 0.37114053
141300 167 0.37137736
141400 168 0.36940511
141500 168 0.36965216
141600 168 0.36991083
141700 168 0.37015497
141800 168 0.37041364
141900 168 0.37066069
142000 168 0.37091646
142100 168 0.37115188
142200 168 0.37140474
142300 168 0.37165760
142400 169 0.36969247
142500 169 0.36993805
142600 169 0.37018653
142700 169 0.37042923
142800 169 0.37066614
142900 169 0.37090306
143000 169 0.37115442
143100 169 0.37139134
143200 169 0.37163115
143300 169 0.37185940
143400 170 0.36990464
143500 170 0.37015165
143600 170 0.37038718
143700 170 0.37063994
143800 170 0.37088695
143900 170 0.37111673
144000 170 0.37136374
144100 170 0.37161075
144200 170 0.37185202
144300 170 0.37209616
144400 171 0.37015145
144500 171 0.37037418
144600 171 0.37060547
144700 171 0.37085389
144800 171 0.37109089
144900 171 0.37132504
145000 171 0.37155062
145100 171 0.37178191
145200 172 0.36987589
145300 172 0.37012854
145400 172 0.37036984
145500 173 0.36846606
145600 173 0.36871161
145700 173 0.36895717
145800 173 0.36920554
145900 173 0.36943134
146000 173 0.36968535
146100 173 0.36993373
146200 173 0.37016235
146300 173 0.37043330
146400 173 0.37067038
146500 174 0.36878143
146600 174 0.36901154
146700 174 0.36922762
146800 174 0.36946334
146900 174 0.36969345
147000 174 0.36993198
147100 174 0.37015928
147200 174 0.37038939
147300 174 0.37061950
147400 174 0.37086083
147500 175 0.36899275
147600 175 0.36924386
147700 175 0.36946150
147800 175 0.36969587
147900 175 0.36991629
148000 175 0.37014788
148100 175 0.37038783
148200 175 0.37061663
148300 175 0.37085100
148400 175 0.37109654
148500 176 0.36922108
148600 176 0.36946522
148700 176 0.36970659
148800 176 0.36993963
148900 176 0.37016435
149000 176 0.37040849
149100 176 0.37064986
149200 176 0.37089955
149300 176 0.37114091
149400 176 0.37138505
149500 176 0.37161255
149600 177 0.36973925
149700 177 0.36994891
149800 177 0.37018615
149900 177 0.37041236
150000 177 0.37064133
150100 177 0.37086754
150200 177 0.37110478
150300 177 0.37132272
150400 177 0.37155720
150500 178 0.36971669
150600 179 0.36788855
150700 179 0.36812315
150800 179 0.36834410
150900 179 0.36855687
151000 179 0.36879965
151100 179 0.36903970
151200 179 0.36927429
151300 179 0.36949797
151400 179 0.36974620
151500 179 0.36998080
151600 180 0.36813422
151700 180 0.36836751
151800 180 0.36860080
151900 180 0.36884223
152000 180 0.36906196
152100 180 0.36929253
152200 180 0.36952311
152300 180 0.36974284
152400 180 0.36995985
152500 180 0.37020128
152600 181 0.36839067
152700 181 0.36861188
152800 181 0.36884927
152900 181 0.36905430
153000 181 0.36928090
153100 181 0.36950481
153200 181 0.36972602
153300 181 0.36996881
153400 181 0.37019003
153500 181 0.37040854
153600 182 0.36860405
153700 182 0.36881332
153800 182 0.36904941
153900 182 0.36928550
154000 182 0.36950549
154100 182 0.36973890
154200 182 0.36997231
154300 182 0.37020304
154400 182 0.37043913
154500 182 0.37067254
154600 182 0.37090058
154700 183 0.36910327
154800 183 0.36932473
154900 183 0.36953819
155000 183 0.36976232
155100 183 0.36998645
155200 183 0.37021591
155300 183 0.37044538
155400 183 0.37067217
155500 183 0.37088029
155600 183 0.37109375
155700 184 0.36929985
155800 184 0.36951214
155900 184 0.36971382
156000 184 0.36994204
156100 184 0.37017026
156200 184 0.37040113
156300 184 0.37063466
156400 184 0.37083369
156500 184 0.37106456
156600 184 0.37130074
156700 185 0.36951277
156800 185 0.36972656
156900 185 0.36995619
157000 185 0.37019373
157100 185 0.37041807
157200 185 0.37064242
157300 185 0.37086940
157400 185 0.37108583
157500 185 0.37130226
157600 185 0.37153716
157700 186 0.36976016
157800 186 0.36998330
157900 186 0.37020907
158000 186 0.37042696
158100 186 0.37066322
158200 186 0.37088636
158300 186 0.37110425
158400 186 0.37133527
158500 186 0.37155053
158600 186 0.37177367
158700 186 0.37199943
158800 187 0.37023208
158900 187 0.37046447
159000 187 0.37067075
159100 187 0.37089008
159200 187 0.37110681
159300 187 0.37132092
159400 187 0.37153242
159500 187 0.37174653
159600 187 0.37197631
159700 187 0.37220348
159800 188 0.37044704
159900 188 0.37067819
160000 188 0.37089117
160100 188 0.37111193
160200 188 0.37131192
160300 188 0.37153268
160400 188 0.37176903
160500 188 0.37197421
160600 188 0.37219238
160700 188 0.37240016
160800 189 0.37063647
160900 189 0.37085865
161000 189 0.37108083
161100 189 0.37129526
161200 189 0.37150711
161300 189 0.37173962
161400 189 0.37196697
161500 189 0.37217882
161600 189 0.37238292
161700 189 0.37260510
161800 190 0.37087531
161900 190 0.37110146
162000 190 0.37131219
162100 190 0.37153063
162200 190 0.37175421
162300 190 0.37196752
162400 190 0.37219367
162500 190 0.37241725
162600 190 0.37262798
162700 190 0.37284899
162800 190 0.37308285
162900 191 0.37133406
163000 191 0.37157181
163100 191 0.37179166
163200 191 0.37200640
163300 191 0.37222114
163400 191 0.37243844
163500 191 0.37265063
163600 191 0.37287815
163700 191 0.37311334
163800 191 0.37333320
163900 192 0.37161255
164000 192 0.37183126
164100 192 0.37202708
164200 192 0.37225596
164300 192 0.37246704
164400 192 0.37267558
164500 192 0.37289683
164600 192 0.37312317
164700 192 0.37332153
164800 192 0.37353516
164900 193 0.37180973
165000 193 0.37201212
165100 193 0.37221705
165200 193 0.37242957
165300 193 0.37264714
165400 193 0.37287737
165500 193 0.37310253
165600 193 0.37330493
165700 193 0.37352504
165800 193 0.37374261
165900 194 0.37201494
166000 194 0.37222636
166100 194 0.37244533
166200 194 0.37267185
166300 194 0.37288076
166400 194 0.37309218
166500 194 0.37329857
166600 194 0.37349992
166700 194 0.37371134
166800 194 0.37393283
166900 194 0.37414173
167000 195 0.37243590
167100 195 0.37266126
167200 195 0.37286408
167300 195 0.37306941
167400 195 0.37326472
167500 195 0.37347256
167600 195 0.37369541
167700 195 0.37390325
167800 195 0.37412360
167900 195 0.37432893
168000 196 0.37263333
168100 196 0.37284259
168200 196 0.37303940
168300 196 0.37324866
168400 196 0.37347038
168500 196 0.37367217
168600 196 0.37388393
168700 196 0.37409817
168800 196 0.37431491
168900 196 0.37452916
169000 197 0.37283372
169100 197 0.37304440
169200 197 0.37324764
169300 197 0.37345336
169400 197 0.37365165
169500 197 0.37388216
169600 197 0.37410275
169700 197 0.37432087
169800 197 0.37452907
169900 197 0.37473975
170000 198 0.37305427
170100 198 0.37326635
170200 198 0.37347104
170300 198 0.37369792
170400 198 0.37391493
170500 198 0.37412948
170600 198 0.37434403
170700 198 0.37455857
170800 198 0.37478052
170900 198 0.37498027
171000 198 0.37518249
171100 199 0.37349344
171200 199 0.37370691
171300 199 0.37391057
171400 199 0.37412158
171500 199 0.37433260
171600 199 0.37453380
171700 199 0.37475463
171800 199 0.37496565
171900 199 0.37517912
172000 199 0.37539259
172100 200 0.37371338
172200 200 0.37391846
172300 200 0.37413818
172400 200 0.37434814
172500 200 0.37454590
172600 200 0.37474609
172700 200 0.37495850
172800 200 0.37515869
172900 200 0.37537109
173000 200 0.37555908
173100 201 0.37390440
173200 201 0.37410846
173300 201 0.37430523
173400 201 0.37451172
173500 201 0.37471335
173600 201 0.37492712
173700 201 0.37512389
173800 201 0.37532309
173900 201 0.37552229
174000 201 0.37572392
174100 202 0.37406695
174200 202 0.37428692
174300 202 0.37448996
174400 202 0.37469059
174500 202 0.37490573
174600 202 0.37511361
174700 202 0.37533116
174800 202 0.37553179
174900 202 0.37574934
175000 202 0.37595481
175100 202 0.37615786
175200 203 0.37451172
175300 203 0.37471617
175400 203 0.37493025
175500 203 0.37514913
175600 203 0.37535118
175700 203 0.37556285
175800 203 0.37576730
175900 203 0.37596454
176000 203 0.37615696
176100 203 0.37635179
176200 204 0.37470320
176300 204 0.37491383
176400 204 0.37511968
176500 204 0.37533031
176600 204 0.37552418
176700 204 0.37573482
176800 204 0.37593827
176900 204 0.37615129
177000 204 0.37636432
177100 204 0.37656537
177200 205 0.37493093
177300 205 0.37513100
177400 205 0.37533108
177500 205 0.37552639
177600 205 0.37572170
177700 205 0.37592416
177800 205 0.37613377
177900 205 0.37632908
178000 205 0.37652915
178100 205 0.37674114
178200 206 0.37511614
178300 206 0.37532236
178400 206 0.37553332
178500 206 0.37573953
178600 206 0.37593627
178700 206 0.37614959
178800 206 0.37635818
178900 206 0.37655966
179000 206 0.37676113
179100 206 0.37696972
179200 207 0.37534439
179300 207 0.37554253
179400 207 0.37575011
179500 207 0.37594590
179600 207 0.37612989
179700 207 0.37633511
179800 207 0.37654269
179900 207 0.37674083
180000 207 0.37694369
180100 207 0.37714419
180200 207 0.37736356
180300 208 0.37574181
180400 208 0.37594135
180500 208 0.37611976
180600 208 0.37631930
180700 208 0.37652353
180800 208 0.37672776
180900 208 0.37693669
181000 208 0.37715501
181100 208 0.37735690
181200 208 0.37754704
181300 209 0.37594385
181400 209 0.37614945
181500 209 0.37635037
181600 209 0.37655129
181700 209 0.37673819
181800 209 0.37692275
181900 209 0.37712367
182000 209 0.37733394
182100 209 0.37753719
182200 209 0.37773578
182300 210 0.37613467
182400 210 0.37632068
182500 210 0.37651832
182600 210 0.37671596
182700 210 0.37690895
182800 210 0.37711356
182900 210 0.37731120
183000 210 0.37750651
183100 210 0.37769020
183200 210 0.37788318
183300 211 0.37628897
183400 211 0.37648336
183500 211 0.37667543
183600 211 0.37686750
183700 211 0.37707115
183800 211 0.37726090
183900 211 0.37745761
184000 211 0.37765662
184100 211 0.37786952
184200 211 0.37806622
184300 211 0.37826061
184400 212 0.37666983
184500 212 0.37686100
184600 212 0.37705677
184700 212 0.37725485
184800 212 0.37744371
184900 212 0.37763027
185000 212 0.37782374
185100 212 0.37799648
185200 212 0.37817843
185300 212 0.37834657
185400 213 0.37676973
185500 213 0.37696688
185600 213 0.37716173
185700 213 0.37736346
185800 213 0.37756290
185900 213 0.37776463
186000 213 0.37794115
186100 213 0.37814288
186200 213 0.37834690
186300 213 0.37854405
186400 214 0.37695312
186500 214 0.37714935
186600 214 0.37732732
186700 214 0.37752355
186800 214 0.37771293
186900 214 0.37791372
187000 214 0.37810081
187100 214 0.37828563
187200 214 0.37847273
187300 214 0.37867808
187400 215 0.37710302
187500 215 0.37728016
187600 215 0.37747093
187700 215 0.37766397
187800 215 0.37785474
187900 215 0.37805233
188000 215 0.37823628
188100 215 0.37843387
188200 215 0.37862464
188300 215 0.37880859
188400 215 0.37901072
188500 216 0.37744141
188600 216 0.37763129
188700 216 0.37781440
188800 216 0.37800655
188900 216 0.37818965
189000 216 0.37838858
189100 216 0.37856491
189200 216 0.37873445
189300 216 0.37893790
189400 216 0.37912779
189500 217 0.37759217
189600 217 0.37777893
189700 217 0.37797694
189800 217 0.37815920
189900 217 0.37834596
190000 217 0.37854398
190100 217 0.37874424
190200 217 0.37893550
190300 217 0.37911776
190400 217 0.37930453
190500 218 0.37776394
190600 218 0.37795433
190700 218 0.37814919
190800 218 0.37833957
190900 218 0.37853444
191000 218 0.37873154
191100 218 0.37892865
191200 218 0.37912351
191300 218 0.37931838
191400 218 0.37951772
191500 219 0.37795867
191600 219 0.37814150
191700 219 0.37834439
191800 219 0.37854729
191900 219 0.37873234
192000 219 0.37892632
192100 219 0.37911806
192200 219 0.37931427
192300 219 0.37949932
192400 219 0.37969776
192500 219 0.37988727
192600 220 0.37834251
192700 220 0.37852672
192800 220 0.37870872
192900 220 0.37890403
193000 220 0.37908825
193100 220 0.37928800
193200 220 0.37947887
193300 220 0.37968084
193400 220 0.37988059
193500 220 0.38006925
193600 221 0.37852844
193700 221 0.37871182
193800 221 0.37891067
193900 221 0.37910289
194000 221 0.37927743
194100 221 0.37946744
194200 221 0.37965303
194300 221 0.37983200
194400 221 0.38001759
194500 221 0.38021202
194600 222 0.37870170
194700 222 0.37888426
194800 222 0.37907341
194900 222 0.37925816
195000 222 0.37944512
195100 222 0.37963207
195200 222 0.37983003
195300 222 0.38000158
195400 222 0.38020613
195500 222 0.38039529
195600 223 0.37887997
195700 223 0.37907923
195800 223 0.37925221
195900 223 0.37944489
196000 223 0.37963539
196100 223 0.37982150
196200 223 0.38002295
196300 223 0.38021344
196400 223 0.38040613
196500 223 0.38059005
196600 223 0.38076741
196700 224 0.37925284
196800 224 0.37943813
196900 224 0.37962995
197000 224 0.37982178
197100 224 0.38000270
197200 224 0.38018145
197300 224 0.38036673
197400 224 0.38055638
197500 224 0.38074820
197600 224 0.38093131
197700 225 0.37941623
197800 225 0.37959418
197900 225 0.37978516
198000 225 0.37996962
198100 225 0.38014757
198200 225 0.38034071
198300 225 0.38051866
198400 225 0.38069878
198500 225 0.38088325
198600 225 0.38106771
198700 226 0.37956305
198800 226 0.37975318
198900 226 0.37993899
199000 226 0.38012695
199100 226 0.38030196
199200 226 0.38048344
199300 226 0.38065196
199400 226 0.38084425
199500 226 0.38103006
199600 226 0.38119858
199700 227 0.37969567
199800 227 0.37988927
199900 227 0.38007640
200000 227 0.38024849
200100 227 0.38042057
200200 227 0.38061201
200300 227 0.38079700
200400 227 0.38098629
200500 227 0.38117342
200600 227 0.38134335
200700 227 0.38152834
200800 228 0.38004343
200900 228 0.38022332
201000 228 0.38041393
201100 228 0.38058739
201200 228 0.38077371
201300 228 0.38094932
201400 228 0.38113136
201500 228 0.38131982
201600 228 0.38149328
201700 228 0.38167104
201800 229 0.38018772
201900 229 0.38036683
202000 229 0.38055447
202100 229 0.38074210
202200 229 0.38092761
202300 229 0.38111098
202400 229 0.38129009
202500 229 0.38147133
202600 229 0.38165257
202700 229 0.38183167
202800 230 0.38036685
202900 230 0.38053244
203000 230 0.38072563
203100 230 0.38089122
203200 230 0.38106106
203300 230 0.38122452
203400 230 0.38140710
203500 230 0.38158331
203600 230 0.38176800
203700 230 0.38193572
203800 231 0.38046199
203900 231 0.38062686
204000 231 0.38081710
204100 231 0.38100100
204200 231 0.38118278
204300 231 0.38135823
204400 231 0.38152733
204500 231 0.38171122
204600 231 0.38188244
204700 231 0.38207057
204800 232 0.38061523
204900 232 0.38077729
205000 232 0.38095198
205100 232 0.38112667
205200 232 0.38129714
205300 232 0.38146973
205400 232 0.38164441
205500 232 0.38181910
205600 232 0.38199589
205700 232 0.38217689
205800 232 0.38234737
205900 233 0.38087824
206000 233 0.38105008
206100 233 0.38122821
206200 233 0.38141262
206300 233 0.38159284
206400 233 0.38177307
206500 233 0.38195958
206600 233 0.38213352
206700 233 0.38231793
206800 233 0.38248768
206900 234 0.38101796
207000 234 0.38119950
207100 234 0.38137687
207200 234 0.38155632
207300 234 0.38173578
207400 234 0.38191732
207500 234 0.38209886
207600 234 0.38225745
207700 234 0.38244107
207800 234 0.38262261
207900 235 0.38115858
208000 235 0.38134142
208100 235 0.38150972
208200 235 0.38169049
208300 235 0.38186503
208400 235 0.38203748
208500 235 0.38220163
208600 235 0.38237616
208700 235 0.38254239
208800 235 0.38271277
208900 236 0.38126490
209000 236 0.38143042
209100 236 0.38160214
209200 236 0.38176973
209300 236 0.38196008
209400 236 0.38213180
209500 236 0.38230974
209600 236 0.38248146
209700 236 0.38265319
209800 236 0.38282698
209900 236 0.38299871
210000 237 0.38154956
210100 237 0.38172056
210200 237 0.38189362
210300 237 0.38206669
210400 237 0.38224593
210500 237 0.38242105
210600 237 0.38259823
210700 237 0.38277748
210800 237 0.38295054
210900 237 0.38312566
211000 238 0.38169848
211100 238 0.38188312
211200 238 0.38204725
211300 238 0.38222574
211400 238 0.38241039
211500 238 0.38258888
211600 238 0.38275300
211700 238 0.38292944
211800 238 0.38309972
211900 238 0.38326796
212000 239 0.38182981
212100 239 0.38200959
212200 239 0.38218121
212300 239 0.38235078
212400 239 0.38252239
212500 239 0.38269605
212600 239 0.38287379
212700 239 0.38304745
212800 239 0.38322315
212900 239 0.38339680
213000 240 0.38196818
213100 240 0.38212687
213200 240 0.38229980
213300 240 0.38247274
213400 240 0.38264364
213500 240 0.38280843
213600 240 0.38298136
213700 240 0.38315430
213800 240 0.38333333
213900 240 0.38350220
214000 240 0.38367513
214100 241 0.38224925
214200 241 0.38242957
214300 241 0.38259976
214400 241 0.38276387
214500 241 0.38294014
214600 241 0.38310831
214700 241 0.38327039
214800 241 0.38343855
214900 241 0.38361279
215000 241 0.38378096
215100 242 0.38235247
215200 242 0.38251792
215300 242 0.38267530
215400 242 0.38286092
215500 242 0.38301629
215600 242 0.38318779
215700 242 0.38334921
215800 242 0.38351869
215900 242 0.38368212
216000 242 0.38386775
216100 243 0.38245684
216200 243 0.38262764
216300 243 0.38279642
216400 243 0.38296119
216500 243 0.38312998
216600 243 0.38329475
216700 243 0.38345550
216800 243 0.38361425
216900 243 0.38378906
217000 243 0.38397393
217100 244 0.38256436
217200 244 0.38272845
217300 244 0.38290455
217400 244 0.38307065
217500 244 0.38323875
217600 244 0.38340484
217700 244 0.38356894
217800 244 0.38372903
217900 244 0.38388512
218000 244 0.38405522
218100 244 0.38421131
218200 245 0.38281848
218300 245 0.38297991
218400 245 0.38314334
218500 245 0.38330875
218600 245 0.38346819
218700 245 0.38362763
218800 245 0.38378906
218900 245 0.38396644
219000 245 0.38413186
219100 245 0.38429329
219200 246 0.38288793
219300 246 0.38305267
219400 246 0.38320948
219500 246 0.38337621
219600 246 0.38354889
219700 246 0.38372158
219800 246 0.38389426
219900 246 0.38404710
220000 246 0.38421780
220100 246 0.38438850
220200 247 0.38299437
220300 247 0.38317031
220400 247 0.38332846
220500 247 0.38347277
220600 247 0.38364475
220700 247 0.38381674
220800 247 0.38398082
220900 247 0.38414292
221000 247 0.38429909
221100 247 0.38446317
221200 248 0.38306452
221300 248 0.38323187
221400 248 0.38339332
221500 248 0.38356855
221600 248 0.38372803
221700 248 0.38389341
221800 248 0.38405683
221900 248 0.38422418
222000 248 0.38438169
222100 248 0.38455889
222200 248 0.38473019
222300 249 0.38335177
222400 249 0.38351257
222500 249 0.38368317
222600 249 0.38384397
222700 249 0.38400869
222800 249 0.38417733
222900 249 0.38433421
223000 249 0.38448325
223100 249 0.38465581
223200 249 0.38482642
223300 250 0.38344922
223400 250 0.38360742
223500 250 0.38378516
223600 250 0.38395313
223700 250 0.38410937
223800 250 0.38428516
223900 250 0.38444922
224000 250 0.38461719
224100 250 0.38478320
224200 250 0.38494531
224300 251 0.38355757
224400 251 0.38372876
224500 251 0.38389606
224600 251 0.38406919
224700 251 0.38423455
224800 251 0.38439796
224900 251 0.38456915
225000 251 0.38474423
225100 251 0.38491736
225200 251 0.38507104
225300 252 0.38369218
225400 252 0.38385494
225500 252 0.38401770
225600 252 0.38418628
225700 252 0.38435872
225800 252 0.38452923
225900 252 0.38469975
226000 252 0.38485863
226100 252 0.38502333
226200 252 0.38518996
226300 252 0.38535466
226400 253 0.38399364
226500 253 0.38415383
226600 253 0.38431015
226700 253 0.38446069
226800 253 0.38462667
226900 253 0.38479650
227000 253 0.38494897
227100 253 0.38510916
227200 253 0.38526742
227300 253 0.38542374
227400 254 0.38406588
227500 254 0.38421391
227600 254 0.38437346
227700 254 0.38453879
227800 254 0.38468873
227900 254 0.38485405
228000 254 0.38502322
228100 254 0.38518470
228200 254 0.38534426
228300 254 0.38549997
228400 255 0.38415671
228500 255 0.38431756
228600 255 0.38447840
228700 255 0.38463542
228800 255 0.38480009
228900 255 0.38495519
229000 255 0.38509881
229100 255 0.38524816
229200 255 0.38539943
229300 255 0.38557177
229400 256 0.38420677
229500 256 0.38436127
229600 256 0.38451385
229700 256 0.38467216
229800 256 0.38481903
229900 256 0.38497925
230000 256 0.38514519
230100 256 0.38531113
230200 256 0.38547897
230300 256 0.38564110
230400 256 0.38575363
230500 256 0.38591957
230600 256 0.38606834
230700 257 0.38473523
230800 257 0.38489482
230900 257 0.38504681
231000 257 0.38520071
231100 257 0.38536220
231200 257 0.38551990
231300 257 0.38568329
231400 257 0.38584668
231500 258 0.38454987
231600 258 0.38470696
231700 258 0.38486025
231800 258 0.38503626
231900 258 0.38518767
232000 258 0.38534286
232100 258 0.38549426
232200 258 0.38565324
232300 258 0.38581789
232400 258 0.38597497
232500 259 0.38465062
232600 259 0.38479579
232700 259 0.38494849
232800 259 0.38510686
232900 259 0.38525956
233000 259 0.38541227
233100 259 0.38556686
233200 259 0.38572145
233300 259 0.38587038
233400 259 0.38602875
233500 260 0.38468487
233600 260 0.38483699
233700 260 0.38500601
233800 260 0.38517315
233900 260 0.38531588
234000 260 0.38547927
234100 260 0.38563890
234200 260 0.38578914
234300 260 0.38594313
234400 260 0.38610840
234500 260 0.38628869
234600 260 0.38644081
234700 260 0.38659105
234800 260 0.38674880
234900 260 0.38690279
235000 261 0.38557194
235100 261 0.38571974
235200 261 0.38588624
235300 261 0.38605087
235400 261 0.38620802
235500 261 0.38636143
235600 262 0.38500604
235700 262 0.38515886
235800 262 0.38531541
235900 262 0.38546264
236000 262 0.38561919
236100 262 0.38576828
236200 262 0.38591551
236300 262 0.38606647
236400 262 0.38620997
236500 262 0.38636465
236600 262 0.38649138
236700 262 0.38664048
236800 262 0.38680262
236900 263 0.38548969
237000 263 0.38564193
237100 263 0.38580345
237200 263 0.38596498
237300 263 0.38611165
237400 263 0.38626389
237500 263 0.38641984
237600 264 0.38514848
237700 264 0.38529830
237800 264 0.38544441
237900 264 0.38559422
238000 264 0.38576068
238100 264 0.38592344
238200 264 0.38608620
238300 264 0.38623417
238400 264 0.38640988
238500 264 0.38656709
238600 265 0.38532392
238700 265 0.38547317
238800 265 0.38563900
238900 265 0.38580668
239000 265 0.38595777
239100 265 0.38610149
239200 265 0.38625258
239300 265 0.38640367
239400 265 0.38654739
239500 265 0.38669664
239600 265 0.38685879
239700 266 0.38558065
239800 266 0.38574035
239900 266 0.38588170
240000 266 0.38602855
240100 266 0.38618091
240200 266 0.38633326
240300 266 0.38648195
240400 266 0.38664349
240500 266 0.38679952
240600 266 0.38696105
240700 267 0.38567818
240800 267 0.38583363
240900 267 0.38600553
241000 267 0.38615915
241100 267 0.38631459
241200 267 0.38647369
241300 267 0.38662548
241400 267 0.38678093
241500 267 0.38694003
241600 267 0.38708267
241700 268 0.38576041
241800 268 0.38590070
241900 268 0.38605192
242000 268 0.38620496
242100 268 0.38635618
242200 268 0.38650740
242300 268 0.38667138
242400 268 0.38683353
242500 268 0.38699204
242600 268 0.38714509
242700 268 0.38725805
242800 268 0.38741291
242900 268 0.38756413
243000 268 0.38771718
243100 268 0.38786475
243200 268 0.38801051
243300 268 0.38816173
243400 268 0.38831113
243500 268 0.38846600
243600 269 0.38716891
243700 269 0.38732320
243800 269 0.38744300
243900 269 0.38760274
244000 269 0.38775703
244100 269 0.38791495
244200 269 0.38806561
244300 269 0.38820175
244400 269 0.38834514
244500 270 0.38706416
244600 270 0.38720703
244700 270 0.38736256
244800 271 0.38609173
244900 271 0.38625389
245000 271 0.38640524
245100 271 0.38656200
245200 271 0.38672416
245300 271 0.38687190
245400 271 0.38701784
245500 271 0.38716559
245600 271 0.38731334
245700 271 0.38746108
245800 271 0.38757099
245900 271 0.38771153
246000 271 0.38786828
246100 271 0.38802324
246200 271 0.38817098
246300 271 0.38832233
246400 271 0.38848089
246500 271 0.38863404
246600 271 0.38877638
246700 271 0.38893133
246800 272 0.38765582
246900 273 0.38638250
247000 273 0.38654168
247100 273 0.38669192
247200 273 0.38684395
247300 273 0.38699419
247400 273 0.38715337
247500 273 0.38731077
247600 273 0.38746280
247700 273 0.38762735
247800 273 0.38778295
247900 274 0.38651916
248000 274 0.38667242
248100 274 0.38682924
248200 274 0.38698784
248300 274 0.38713397
248400 274 0.38728188
248500 274 0.38742979
248600 274 0.38757592
248700 274 0.38773808
248800 274 0.38788777
248900 275 0.38663885
249000 275 0.38678267
249100 275 0.38693359
249200 275 0.38707741
249300 275 0.38723544
249400 275 0.38737749
249500 275 0.38753729
249600 275 0.38768821
249700 275 0.38783203
249800 275 0.38798295
249900 276 0.38672583
250000 276 0.38687974
250100 276 0.38702304
250200 276 0.38717696
250300 276 0.38731849
250400 276 0.38746886
250500 276 0.38761393
250600 276 0.38775546
250700 276 0.38789699
250800 276 0.38803852
250900 277 0.38679102
251000 277 0.38692675
251100 277 0.38706072
251200 277 0.38721056
251300 277 0.38736215
251400 277 0.38751904
251500 277 0.38766006
251600 277 0.38780813
251700 277 0.38796325
251800 278 0.38671875
251900 278 0.38685751
252000 279 0.38562668
252100 279 0.38576319
252200 279 0.38590495
252300 279 0.38604146
252400 279 0.38619372
252500 279 0.38633898
252600 279 0.38647548
252700 279 0.38663124
252800 279 0.38678350
252900 279 0.38693226
253000 280 0.38569685
253100 280 0.38583636
253200 280 0.38597935
253300 280 0.38611537
253400 280 0.38625663
253500 280 0.38640834
253600 280 0.38656355
253700 280 0.38671352
253800 280 0.38687047
253900 280 0.38701695
254000 281 0.38578563
254100 281 0.38592638
254200 281 0.38607756
254300 281 0.38623394
254400 281 0.38637643
254500 281 0.38652239
254600 281 0.38666141
254700 281 0.38680737
254800 281 0.38694117
254900 281 0.38708887
255000 282 0.38586166
255100 282 0.38600018
255200 282 0.38614563
255300 282 0.38629280
255400 282 0.38643652
255500 282 0.38658716
255600 282 0.38672914
255700 282 0.38687112
255800 282 0.38702176
255900 282 0.38716374
256000 283 0.38594233
256100 283 0.38609589
256200 283 0.38624082
256300 283 0.38639265
256400 283 0.38654276
256500 283 0.38669459
256600 283 0.38684298
256700 283 0.38698963
256800 283 0.38714319
256900 283 0.38729157
257000 283 0.38743306
257100 284 0.38621843
257200 284 0.38636285
257300 284 0.38649008
257400 284 0.38662419
257500 284 0.38676517
257600 284 0.38691131
257700 284 0.38705057
257800 284 0.38720015
257900 284 0.38734458
258000 284 0.38749072
258100 285 0.38626816
258200 285 0.38640522
258300 285 0.38655085
258400 285 0.38669134
258500 285 0.38684211
258600 285 0.38697917
258700 285 0.38712993
258800 285 0.38726700
258900 285 0.38741605
259000 285 0.38756510
259100 286 0.38635339
259200 286 0.38649339
259300 286 0.38663339
259400 286 0.38676997
259500 286 0.38692021
259600 286 0.38705508
259700 286 0.38720020
259800 286 0.38735044
259900 286 0.38750410
260000 286 0.38764580
260100 287 0.38643973
260200 287 0.38658605
260300 287 0.38672896
260400 287 0.38687527
260500 287 0.38701989
260600 287 0.38716620
260700 287 0.38731762
260800 287 0.38745883
260900 287 0.38759664
261000 287 0.38774295
261100 287 0.38789267
261200 287 0.38803388
261300 287 0.38817168
261400 287 0.38832310
261500 287 0.38846261
261600 287 0.38860382
261700 287 0.38874843
261800 287 0.38888624
261900 287 0.38902745
262000 287 0.38916526
262100 287 0.38931157
262200 288 0.38809713
262300 288 0.38824632
262400 288 0.38839383
262500 288 0.38853624
262600 288 0.38867866
262700 288 0.38882446
262800 288 0.38897196
262900 288 0.38912455
263000 288 0.38927375
263100 288 0.38941447
263200 289 0.38820725
263300 289 0.38834917
263400 289 0.38849109
263500 289 0.38863302
263600 289 0.38876987
263700 289 0.38891517
263800 289 0.38905371
263900 289 0.38920408
264000 289 0.38933756
264100 289 0.38947610
264200 290 0.38827452
264300 290 0.38842773
264400 290 0.38855401
264500 290 0.38870387
264600 290 0.38885035
264700 290 0.38899515
264800 290 0.38912817
264900 290 0.38926455
265000 290 0.38941272
265100 290 0.38955583
265200 290 0.38969727
265300 291 0.38850240
265400 291 0.38863832
265500 291 0.38878430
265600 291 0.38891014
265700 291 0.38905780
265800 291 0.38920210
265900 291 0.38934809
266000 291 0.38949407
266100 291 0.38963501
266200 291 0.38976422
266300 292 0.38856987
266400 292 0.38870365
266500 292 0.38884411
266600 292 0.38898625
266700 292 0.38912504
266800 292 0.38927721
266900 292 0.38942269
267000 292 0.38956148
267100 292 0.38970864
267200 292 0.38984408
267300 293 0.38865188
267400 293 0.38878853
267500 293 0.38892518
267600 293 0.38907183
267700 293 0.38921348
267800 293 0.38935847
267900 293 0.38949845
268000 293 0.38964011
268100 293 0.38979009
268200 293 0.38993007
268300 294 0.38873831
268400 294 0.38887117
268500 294 0.38900736
268600 294 0.38915019
268700 294 0.38928970
268800 294 0.38942423
268900 294 0.38956374
269000 294 0.38970491
269100 294 0.38984109
269200 294 0.38998392
269300 294 0.39012841
269400 295 0.38893836
269500 295 0.38906912
269600 295 0.38921147
269700 295 0.38935381
269800 295 0.38949119
269900 295 0.38962692
270000 295 0.38976761
270100 295 0.38990830
270200 295 0.39004403
270300 295 0.39018803
270400 296 0.38900344
270500 296 0.38913706
270600 296 0.38928058
270700 296 0.38941914
270800 296 0.38955606
270900 296 0.38968308
271000 296 0.38982000
271100 296 0.38996021
271200 296 0.39010043
271300 296 0.39024889
271400 297 0.38907467
271500 297 0.38920126
271600 297 0.38934100
271700 297 0.38948239
271800 297 0.38961556
271900 297 0.38975366
272000 297 0.38987860
272100 297 0.39001342
272200 297 0.39016467
272300 297 0.39029784
272400 298 0.38912411
272500 298 0.38926830
272600 298 0.38939938
272700 298 0.38953538
272800 298 0.38968121
272900 298 0.38981229
273000 298 0.38994829
273100 298 0.39007937
273200 298 0.39022028
273300 298 0.39035464
273400 298 0.39049064
273500 299 0.38931693
273600 299 0.38944594
273700 299 0.38958638
273800 299 0.38973336
273900 299 0.38986727
274000 299 0.39000607
274100 299 0.39014162
274200 299 0.39027716
274300 299 0.39041597
274400 299 0.39055805
274500 300 0.38939941
274600 300 0.38952962
274700 300 0.38965658
274800 300 0.38979980
274900 300 0.38994629
275000 300 0.39008626
275100 300 0.39023438
275200 300 0.39036784
275300 300 0.39050781
275400 300 0.39064453
275500 301 0.38947648
275600 301 0.38960302
275700 301 0.38973928
275800 301 0.38987717
275900 301 0.39000694
276000 301 0.39013834
276100 301 0.39027136
276200 301 0.39041249
276300 301 0.39055200
276400 301 0.39069638
276500 302 0.38954658
276600 302 0.38969047
276700 302 0.38982791
276800 302 0.38995887
276900 302 0.39009630
277000 302 0.39023373
277100 302 0.39036792
277200 302 0.39050535
277300 302 0.39063955
277400 302 0.39077051
277500 302 0.39090956
277600 303 0.38974835
277700 303 0.38988371
277800 303 0.39001263
277900 303 0.39014155
278000 303 0.39027047
278100 303 0.39040261
278200 303 0.39053637
278300 303 0.39067334
278400 303 0.39080549
278500 303 0.39094246
278600 304 0.38978978
278700 304 0.38992631
278800 304 0.39007408
278900 304 0.39021382
279000 304 0.39033910
279100 304 0.39046920
279200 304 0.39059930
279300 304 0.39072619
279400 304 0.39084987
279500 304 0.39098479
279600 305 0.38983575
279700 305 0.38995742
279800 305 0.39009349
279900 305 0.39023117
280000 305 0.39036725
280100 305 0.39050653
280200 305 0.39063461
280300 305 0.39077389
280400 305 0.39091157
280500 305 0.39104604
280600 306 0.38990534
280700 306 0.39003938
280800 306 0.39017502
280900 306 0.39031384
281000 306 0.39045267
281100 306 0.39059149
281200 306 0.39070478
281300 306 0.39083563
281400 306 0.39097765
281500 306 0.39110371
281600 307 0.38996654
281700 307 0.39009378
281800 307 0.39023056
281900 307 0.39037529
282000 307 0.39051367
282100 307 0.39065999
282200 307 0.39078882
282300 307 0.39092242
282400 307 0.39105125
282500 307 0.39118962
282600 307 0.39132482
282700 308 0.39018111
282800 308 0.39031745
282900 308 0.39044744
283000 308 0.39057268
283100 308 0.39070427
283200 308 0.39084060
283300 308 0.39096585
283400 308 0.39109743
283500 308 0.39122901
283600 308 0.39135742
283700 309 0.39021731
283800 309 0.39034056
283900 309 0.39047330
284000 309 0.39059972
284100 309 0.39073403
284200 309 0.39087783
284300 309 0.39100899
284400 309 0.39114331
284500 309 0.39128236
284600 309 0.39141984
284700 310 0.39028320
284800 310 0.39041079
284900 310 0.39053837
285000 310 0.39067225
285100 310 0.39079826
285200 310 0.39092269
285300 310 0.39105815
285400 310 0.39119676
285500 310 0.39133380
285600 310 0.39147083
285700 311 0.39035181
285800 311 0.39047742
285900 311 0.39059988
286000 311 0.39073804
286100 311 0.39086679
286200 311 0.39099553
286300 311 0.39112584
286400 311 0.39125458
286500 311 0.39138647
286600 311 0.39152463
286700 311 0.39165023
286800 312 0.39052797
286900 312 0.39067352
287000 312 0.39079715
287100 312 0.39092861
287200 312 0.39106320
287300 312 0.39118371
287400 312 0.39131047
287500 312 0.39144976
287600 312 0.39157965
287700 312 0.39170798
287800 313 0.39059380
287900 313 0.39072328
288000 313 0.39085432
288100 313 0.39099472
288200 313 0.39112264
288300 313 0.39125836
288400 313 0.39138316
288500 313 0.39150328
288600 313 0.39164680
288700 313 0.39177784
288800 314 0.39066232
288900 314 0.39079450
289000 314 0.39092668
289100 314 0.39104330
289200 314 0.39116771
289300 314 0.39130300
289400 314 0.39143362
289500 314 0.39157202
289600 314 0.39169953
289700 314 0.39182704
289800 315 0.39071646
289900 315 0.39085131
290000 315 0.39098152
290100 315 0.39112103
290200 315 0.39124814
290300 315 0.39138765
290400 315 0.39151166
290500 315 0.39164342
290600 315 0.39177827
290700 315 0.39191468
290800 315 0.39205264
290900 316 0.39094486
291000 316 0.39107929
291100 316 0.39121063
291200 316 0.39134661
291300 316 0.39148258
291400 316 0.39160929
291500 316 0.39174372
291600 316 0.39187352
291700 316 0.39201722
291800 316 0.39214702
291900 317 0.39105013
292000 317 0.39118722
292100 317 0.39131352
292200 317 0.39143213
292300 317 0.39155535
292400 317 0.39168320
292500 317 0.39181875
292600 317 0.39194967
292700 317 0.39208060
292800 317 0.39220845
292900 318 0.39110253
293000 318 0.39123612
293100 318 0.39135742
293200 318 0.39148333
293300 318 0.39161385
293400 318 0.39173822
293500 318 0.39187027
293600 318 0.39199925
293700 318 0.39212516
293800 318 0.39224493
293900 319 0.39113012
294000 319 0.39126941
294100 319 0.39138727
294200 319 0.39150666
294300 319 0.39163371
294400 319 0.39175157
294500 319 0.39187708
294600 319 0.39199953
294700 319 0.39212046
294800 319 0.39223985
294900 319 0.39236230
295000 320 0.39127350
295100 320 0.39140167
295200 320 0.39152527
295300 320 0.39165344
295400 320 0.39178619
295500 320 0.39191284
295600 320 0.39204865
295700 320 0.39217682
295800 320 0.39229584
295900 320 0.39241943
296000 321 0.39132624
296100 321 0.39145858
296200 321 0.39158635
296300 321 0.39171413
296400 321 0.39184342
296500 321 0.39196967
296600 321 0.39210049
296700 321 0.39222979
296800 321 0.39235604
296900 321 0.39248534
297000 322 0.39138927
297100 322 0.39150906
297200 322 0.39163644
297300 322 0.39177140
297400 322 0.39190333
297500 322 0.39203070
297600 322 0.39216415
297700 322 0.39229153
297800 322 0.39241284
297900 322 0.39253112
298000 323 0.39143527
298100 323 0.39156528
298200 323 0.39168622
298300 323 0.39180867
298400 323 0.39193565
298500 323 0.39205507
298600 323 0.39218055
298700 323 0.39230904
298800 323 0.39244207
298900 323 0.39256301
299000 323 0.39268999
299100 324 0.39160307
299200 324 0.39173569
299300 324 0.39187283
299400 324 0.39199641
299500 324 0.39211848
299600 324 0.39224205
299700 324 0.39237618
299800 324 0.39249674
299900 324 0.39262183
300000 324 0.39275746
300100 325 0.39167368
300200 325 0.39180439
300300 325 0.39192909
300400 325 0.39204928
300500 325 0.39216496
300600 325 0.39229417
300700 325 0.39242638
300800 325 0.39255559
300900 325 0.39268179
301000 325 0.39281400
301100 326 0.39173187
301200 326 0.39186218
301300 326 0.39198200
301400 326 0.39210782
301500 326 0.39222015
301600 326 0.39234147
301700 326 0.39246729
301800 326 0.39259610
301900 326 0.39272491
302000 326 0.39284473
302100 327 0.39177030
302200 327 0.39189423
302300 327 0.39201966
302400 327 0.39213613
302500 327 0.39226007
302600 327 0.39238401
302700 327 0.39250944
302800 327 0.39263337
302900 327 0.39275582
303000 327 0.39289170
303100 327 0.39300966
303200 328 0.39194544
303300 328 0.39207049
303400 328 0.39220298
303500 328 0.39232654
303600 328 0.39245754
303700 328 0.39257515
303800 328 0.39270913
303900 328 0.39282971
304000 328 0.39295773
304100 328 0.39308576
304200 329 0.39201267
304300 329 0.39213585
304400 329 0.39226200
304500 329 0.39237628
304600 329 0.39250837
304700 329 0.39262859
304800 329 0.39276364
304900 329 0.39287940
305000 329 0.39299665
305100 329 0.39311984
305200 330 0.39204989
305300 330 0.39216826
305400 330 0.39228812
305500 330 0.39240797
305600 330 0.39252782
305700 330 0.39265211
305800 330 0.39278084
305900 330 0.39290661
306000 330 0.39302942
306100 330 0.39313891
306200 331 0.39207804
306300 331 0.39220343
306400 331 0.39232587
306500 331 0.39244388
306600 331 0.39256042
306700 331 0.39268876
306800 331 0.39280678
306900 331 0.39292627
307000 331 0.39305756
307100 331 0.39318590
307200 332 0.39212220
307300 332 0.39224427
307400 332 0.39236487
307500 332 0.39248988
307600 332 0.39261342
307700 332 0.39273255
307800 332 0.39285903
307900 332 0.39297816
308000 332 0.39310612
308100 332 0.39322524
308200 332 0.39335173
308300 333 0.39228780
308400 333 0.39241243
308500 333 0.39253414
308600 333 0.39265584
308700 333 0.39277168
308800 333 0.39289338
308900 333 0.39302535
309000 333 0.39314852
309100 333 0.39327316
309200 333 0.39339486
309300 334 0.39234129
309400 334 0.39245386
309500 334 0.39257812
309600 334 0.39269362
309700 334 0.39281349
309800 334 0.39293483
309900 334 0.39305763
310000 334 0.39317605
310100 334 0.39330324
310200 334 0.39342750
310300 335 0.39236678
310400 335 0.39248484
310500 335 0.39260728
310600 335 0.39272680
310700 335 0.39285069
310800 335 0.39298770
310900 335 0.39311159
311000 335 0.39323403
311100 335 0.39335063
311200 335 0.39347015
311300 336 0.39241827
311400 336 0.39254615
311500 336 0.39266096
311600 336 0.39276704
311700 336 0.39288621
311800 336 0.39301118
311900 336 0.39313616
312000 336 0.39326259
312100 336 0.39338030
312200 336 0.39350528
312300 336 0.39361427
312400 337 0.39257233
312500 337 0.39269404
312600 337 0.39282154
312700 337 0.39294615
312800 337 0.39306786
312900 337 0.39318377
313000 337 0.39330692
313100 337 0.39343443
313200 337 0.39355324
313300 337 0.39367495
313400 338 0.39262724
313500 338 0.39275581
313600 338 0.39288150
313700 338 0.39299562
313800 338 0.39311697
313900 338 0.39324554
314000 338 0.39336978
314100 338 0.39348679
314200 338 0.39360958
314300 338 0.39372226
314400 339 0.39268903
314500 339 0.39281146
314600 339 0.39292093
314700 339 0.39304048
314800 339 0.39315859
314900 339 0.39327814
315000 339 0.39339193
315100 339 0.39351148
315200 339 0.39363103
315300 339 0.39374193
315400 340 0.39269876
315500 340 0.39281796
315600 340 0.39292854
315700 340 0.39306066
315800 340 0.39318417
315900 340 0.39330480
316000 340 0.39342400
316100 340 0.39353315
316200 340 0.39365378
316300 340 0.39376867
316400 340 0.39387925
316500 341 0.39284303
316600 341 0.39295615
316700 341 0.39308359
316800 341 0.39319528
316900 341 0.39330697
317000 341 0.39342725
317100 341 0.39354180
317200 341 0.39366208
317300 341 0.39378809
317400 342 0.39275373
317500 343 0.39172541
317600 343 0.39185353
317700 343 0.39197026
317800 343 0.39209269
317900 343 0.39221085
318000 343 0.39232473
318100 343 0.39243719
318200 343 0.39255677
318300 343 0.39267493
318400 343 0.39278312
318500 344 0.39175486
318600 344 0.39187125
318700 344 0.39198623
318800 344 0.39210120
318900 344 0.39221191
319000 344 0.39233115
319100 344 0.39245180
319200 344 0.39256819
319300 344 0.39269168
319400 344 0.39280807
319500 345 0.39177565
319600 345 0.39189029
319700 345 0.39200634
319800 345 0.39211957
319900 345 0.39223279
320000 345 0.39235168
320100 345 0.39245924
320200 345 0.39257954
320300 345 0.39269418
320400 345 0.39280599
320500 345 0.39292346
320600 346 0.39190356
320700 346 0.39202211
320800 346 0.39213641
320900 346 0.39226060
321000 346 0.39237632
321100 346 0.39249486
321200 346 0.39262046
321300 346 0.39273195
321400 346 0.39284767
321500 346 0.39297044
321600 347 0.39195054
321700 347 0.39207718
321800 347 0.39218131
321900 347 0.39230232
322000 347 0.39242052
322100 347 0.39254576
322200 347 0.39265693
322300 347 0.39277794
322400 347 0.39289051
322500 347 0.39300308
322600 348 0.39198742
322700 348 0.39210387
322800 348 0.39221893
322900 348 0.39232416
323000 348 0.39244202
323100 348 0.39255006
323200 348 0.39266371
323300 348 0.39277877
323400 348 0.39289663
323500 348 0.39300186
323600 349 0.39199051
323700 349 0.39210803
323800 349 0.39222695
323900 349 0.39234028
324000 349 0.39245920
324100 349 0.39257533
324200 349 0.39268585
324300 349 0.39280618
324400 349 0.39291950
324500 349 0.39303283
324600 349 0.39314615
324700 350 0.39214146
324800 350 0.39225865
324900 350 0.39236747
325000 350 0.39247907
325100 350 0.39259347
325200 350 0.39270647
325300 350 0.39282227
325400 350 0.39293666
325500 350 0.39304548
325600 351 0.39203420
325700 352 0.39103560
325800 352 0.39116044
325900 352 0.39127419
326000 352 0.39138794
326100 352 0.39151140
326200 352 0.39163069
326300 352 0.39175276
326400 352 0.39186651
326500 352 0.39198858
326600 352 0.39210788
326700 353 0.39111605
326800 353 0.39123501
326900 353 0.39134843
327000 353 0.39146462
327100 353 0.39157943
327200 353 0.39169839
327300 353 0.39180905
327400 353 0.39191832
327500 353 0.39204005
327600 353 0.39214656
327700 354 0.39115190
327800 354 0.39126087
327900 354 0.39137949
328000 354 0.39149535
328100 354 0.39160570
328200 354 0.39171191
328300 354 0.39182501
328400 354 0.39193398
328500 354 0.39205122
328600 354 0.39216847
328700 354 0.39228709
328800 355 0.39128384
328900 355 0.39139112
329000 355 0.39151216
329100 355 0.39162357
329200 355 0.39173360
329300 355 0.39184089
329400 355 0.39194817
329500 355 0.39206096
329600 355 0.39217512
329700 355 0.39228791
329800 356 0.39129433
329900 356 0.39140406
330000 356 0.39151927
330100 356 0.39162762
330200 356 0.39174283
330300 356 0.39185668
330400 356 0.39197600
330500 356 0.39208024
330600 356 0.39218860
330700 356 0.39231204
330800 357 0.39132938
330900 357 0.39144017
331000 357 0.39155096
331100 357 0.39165490
331200 357 0.39176569
331300 357 0.39187784
331400 357 0.39199137
331500 357 0.39210762
331600 357 0.39222115
331700 357 0.39233193
331800 358 0.39133969
331900 358 0.39146108
332000 358 0.39156474
332100 358 0.39166839
332200 358 0.39177887
332300 358 0.39189753
332400 358 0.39201210
332500 358 0.39212121
332600 358 0.39223169
332700 358 0.39234490
332800 359 0.39136626
332900 359 0.39147779
333000 359 0.39158388
333100 359 0.39169133
333200 359 0.39181374
333300 359 0.39193071
333400 359 0.39204088
333500 359 0.39215513
333600 359 0.39227618
333700 359 0.39239043
333800 359 0.39249924
333900 360 0.39150798
334000 360 0.39161513
334100 360 0.39171685
334200 360 0.39182807
334300 360 0.39194200
334400 360 0.39206000
334500 360 0.39216580
334600 360 0.39227431
334700 360 0.39239231
334800 360 0.39250353
334900 361 0.39152447
335000 361 0.39163673
335100 361 0.39174764
335200 361 0.39185855
335300 361 0.39196541
335400 361 0.39206956
335500 361 0.39217776
335600 361 0.39228867
335700 361 0.39240499
335800 361 0.39252267
335900 362 0.39155166
336000 362 0.39165821
336100 362 0.39176747
336200 362 0.39186998
336300 362 0.39197924
336400 362 0.39209389
336500 362 0.39219775
336600 362 0.39230971
336700 362 0.39242031
336800 362 0.39252552
336900 363 0.39154372
337000 363 0.39165671
337100 363 0.39176970
337200 363 0.39187866
337300 363 0.39198896
337400 364 0.39101804
337500 364 0.39112401
337600 364 0.39123267
337700 364 0.39133730
337800 364 0.39144193
337900 364 0.39155998
338000 365 0.39059824
338100 365 0.39070928
338200 365 0.39081630
338300 365 0.39092466
338400 365 0.39103703
338500 365 0.39114271
338600 365 0.39124973
338700 365 0.39134739
338800 365 0.39145173
338900 365 0.39155875
339000 366 0.39059965
339100 366 0.39070905
339200 366 0.39082645
339300 366 0.39093318
339400 366 0.39104257
339500 366 0.39115064
339600 366 0.39126403
339700 366 0.39137210
339800 366 0.39147883
339900 366 0.39158555
340000 367 0.39062367
340100 367 0.39073543
340200 367 0.39084054
340300 367 0.39095363
340400 367 0.39106538
340500 367 0.39117847
340600 367 0.39129023
340700 367 0.39139002
340800 367 0.39150178
340900 367 0.39160289
341000 368 0.39063960
341100 368 0.39075636
341200 368 0.39086914
341300 368 0.39098458
341400 368 0.39108940
341500 368 0.39120483
341600 368 0.39130567
341700 368 0.39141448
341800 368 0.39151930
341900 368 0.39162545
342000 368 0.39173292
342100 369 0.39077056
342200 369 0.39087907
342300 369 0.39098625
342400 369 0.39109476
342500 369 0.39120194
342600 369 0.39130780
342700 369 0.39140572
342800 369 0.39151820
342900 369 0.39162406
343000 369 0.39173124
343100 370 0.39078204
343200 370 0.39089685
343300 370 0.39100111
343400 370 0.39110404
343500 370 0.39120830
343600 370 0.39130859
343700 370 0.39141813
343800 370 0.39152502
343900 370 0.39162268
344000 370 0.39171374
344100 371 0.39075530
344200 371 0.39086190
344300 371 0.39096719
344400 371 0.39107248
344500 371 0.39117382
344600 371 0.39128569
344700 371 0.39139098
344800 371 0.39149759
344900 371 0.39160814
345000 371 0.39171080
345100 372 0.39077332
345200 372 0.39088095
345300 372 0.39098990
345400 372 0.39110147
345500 372 0.39121304
345600 372 0.39130886
345700 372 0.39141649
345800 372 0.39153068
345900 372 0.39164094
346000 372 0.39175382
346100 372 0.39186014
346200 373 0.39091823
346300 373 0.39102296
346400 373 0.39112244
346500 373 0.39122455
346600 373 0.39133320
346700 373 0.39143924
346800 373 0.39154396
346900 373 0.39164607
347000 373 0.39174949
347100 373 0.39185945
347200 374 0.39091745
347300 374 0.39101798
347400 374 0.39112895
347500 374 0.39122817
347600 374 0.39133784
347700 374 0.39143576
347800 374 0.39154934
347900 374 0.39165117
348000 374 0.39175562
348100 374 0.39185876
348200 375 0.39091667
348300 375 0.39102604
348400 375 0.39113021
348500 375 0.39123307
348600 375 0.39134245
348700 375 0.39145703
348800 375 0.39156380
348900 375 0.39167318
349000 375 0.39177344
349100 375 0.39187240
349200 376 0.39093018
349300 376 0.39102757
349400 376 0.39113276
349500 376 0.39124314
349600 376 0.39135742
349700 376 0.39146521
349800 376 0.39158078
349900 376 0.39168987
350000 376 0.39179636
350100 376 0.39190674
350200 376 0.39201582
350300 377 0.39107572
350400 377 0.39117934
350500 377 0.39128165
350600 377 0.39139304
350700 377 0.39150961
350800 377 0.39161710
350900 377 0.39172978
351000 377 0.39183728
351100 377 0.39194478
351200 377 0.39205358
351300 378 0.39112749
351400 378 0.39122825
351500 378 0.39133030
351600 378 0.39142847
351700 378 0.39153052
351800 378 0.39164031
351900 378 0.39173720
352000 378 0.39183795
352100 378 0.39193871
352200 378 0.39203559
352300 379 0.39110813
352400 379 0.39121120
352500 379 0.39131169
352600 379 0.39141604
352700 379 0.39151782
352800 379 0.39161960
352900 379 0.39171365
353000 379 0.39181672
353100 379 0.39191849
353200 379 0.39202027
353300 380 0.39109786
353400 380 0.39119680
353500 380 0.39129703
353600 380 0.39140368
353700 380 0.39151547
353800 380 0.39162084
353900 380 0.39172492
354000 380 0.39182643
354100 380 0.39193179
354200 380 0.39204230
354300 380 0.39214253
354400 381 0.39120812
354500 381 0.39131705
354600 381 0.39141189
354700 381 0.39151698
354800 381 0.39162976
354900 381 0.39173741
355000 381 0.39184763
355100 381 0.39195271
355200 381 0.39205140
355300 381 0.39215649
355400 382 0.39122065
355500 382 0.39133569
355600 382 0.39143667
355700 382 0.39153893
355800 382 0.39164374
355900 382 0.39174217
356000 382 0.39184570
356100 382 0.39195052
356200 382 0.39205405
356300 382 0.39216015
356400 383 0.39123695
356500 383 0.39133511
356600 383 0.39143200
356700 383 0.39153272
356800 383 0.39163471
356900 383 0.39173160
357000 383 0.39182467
357100 383 0.39192793
357200 383 0.39202737
357300 383 0.39212809
357400 384 0.39121882
357500 384 0.39131800
357600 384 0.39141719
357700 384 0.39152273
357800 384 0.39162827
357900 384 0.39173126
358000 384 0.39183426
358100 384 0.39192963
358200 384 0.39202118
358300 384 0.39212799
358400 385 0.39120206
358500 385 0.39130098
358600 385 0.39140245
358700 385 0.39150898
358800 385 0.39161551
358900 385 0.39170936
359000 385 0.39181336
359100 385 0.39191229
359200 385 0.39201755
359300 385 0.39211648
359400 385 0.39221287
359500 386 0.39130176
359600 386 0.39140549
359700 386 0.39150795
359800 386 0.39161421
359900 386 0.39171541
360000 386 0.39180902
360100 386 0.39191275
360200 386 0.39201901
360300 386 0.39212653
360400 386 0.39222393
360500 387 0.39130632
360600 387 0.39140600
360700 387 0.39150189
360800 387 0.39160156
360900 387 0.39170628
361000 387 0.39180722
361100 387 0.39190816
361200 387 0.39201162
361300 387 0.39211634
361400 387 0.39221223
361500 388 0.39129953
361600 388 0.39140398
361700 388 0.39150592
361800 388 0.39160660
361900 388 0.39170979
362000 388 0.39181298
362100 388 0.39191618
362200 388 0.39201056
362300 388 0.39210620
This item is represented 16 times in the filter. Both buckets filled by the same fingerprint - cuckoo not possible
Params: 0x56357dfabb70 220 44 146 00000000000000000000000000111101 1

Bucket full or something, error: Bucket capacity reached
