100 16 0.00305176
200 16 0.00610352
300 16 0.00915527
400 16 0.01220703
500 16 0.01522827
600 16 0.01824951
700 16 0.02130127
800 16 0.02435303
900 16 0.02740479
1000 16 0.03045654
1100 16 0.03350830
1200 16 0.03656006
1300 16 0.03958130
1400 16 0.04263306
1500 16 0.04568481
1600 16 0.04867554
1700 16 0.05172729
1800 16 0.05468750
1900 16 0.05773926
2000 16 0.06079102
2100 17 0.06005859
2200 17 0.06293084
2300 17 0.06577436
2400 17 0.06861788
2500 17 0.07146140
2600 17 0.07433364
2700 17 0.07720588
2800 17 0.08004940
2900 17 0.08289292
3000 17 0.08570772
3100 17 0.08852252
3200 17 0.09133732
3300 17 0.09420956
3400 17 0.09705308
3500 17 0.09983915
3600 17 0.10271140
3700 17 0.10555492
3800 17 0.10839844
3900 17 0.11124196
4000 17 0.11408548
4100 18 0.11043294
4200 18 0.11311849
4300 18 0.11580404
4400 18 0.11843533
4500 18 0.12103950
4600 18 0.12369792
4700 18 0.12641059
4800 18 0.12906901
4900 18 0.13172743
5000 18 0.13435872
5100 18 0.13701714
5200 18 0.13967556
5300 18 0.14238824
5400 18 0.14496528
5500 18 0.14759657
5600 18 0.15025499
5700 18 0.15288628
5800 18 0.15551758
5900 18 0.15820312
6000 18 0.16091580
6100 18 0.16349284
6200 19 0.15738076
6300 19 0.15989926
6400 19 0.16244346
6500 19 0.16498766
6600 19 0.16750617
6700 19 0.16994757
6800 19 0.17246608
6900 19 0.17501028
7000 19 0.17758018
7100 19 0.17997019
7200 19 0.18248869
7300 19 0.18498150
7400 19 0.18752570
7500 19 0.19006990
7600 19 0.19253701
7700 19 0.19500411
7800 19 0.19749692
7900 19 0.20004112
8000 19 0.20250822
8100 19 0.20494963
8200 20 0.19707031
8300 20 0.19951172
8400 20 0.20192871
8500 20 0.20437012
8600 20 0.20673828
8700 20 0.20915527
8800 20 0.21154785
8900 20 0.21391602
9000 20 0.21625977
9100 20 0.21865234
9200 20 0.22104492
9300 20 0.22346191
9400 20 0.22585449
9500 20 0.22824707
9600 20 0.23059082
9700 20 0.23298340
9800 20 0.23542480
9900 20 0.23779297
10000 20 0.24016113
10100 20 0.24252930
10200 20 0.24492188
10300 21 0.23553757
10400 21 0.23783947
10500 21 0.24011812
10600 21 0.24239676
10700 21 0.24469866
10800 21 0.24702381
10900 21 0.24918620
11000 21 0.25146484
11100 21 0.25374349
11200 21 0.25602214
11300 21 0.25830078
11400 21 0.26050967
11500 21 0.26274182
11600 21 0.26499721
11700 21 0.26725260
11800 21 0.26950800
11900 21 0.27176339
12000 21 0.27408854
12100 21 0.27636719
12200 21 0.27864583
12300 22 0.26797763
12400 22 0.27010831
12500 22 0.27228338
12600 22 0.27445845
12700 22 0.27661133
12800 22 0.27880859
12900 22 0.28089489
13000 22 0.28304776
13100 22 0.28520064
13200 22 0.28735352
13300 22 0.28957298
13400 22 0.29170366
13500 22 0.29385653
13600 22 0.29603161
13700 22 0.29820668
13800 22 0.30035955
13900 22 0.30251243
14000 22 0.30470969
14100 22 0.30690696
14200 22 0.30905984
14300 22 0.31123491
14400 23 0.29976223
14500 23 0.30180027
14600 23 0.30388077
14700 23 0.30591882
14800 23 0.30799932
14900 23 0.31007982
15000 23 0.31218156
15100 23 0.31417714
15200 23 0.31621518
15300 23 0.31823200
15400 23 0.32027004
15500 23 0.32239300
15600 23 0.32445228
15700 23 0.32653278
15800 23 0.32859205
15900 23 0.33071501
16000 23 0.33277429
16100 23 0.33487602
16200 23 0.33697775
16300 23 0.33901579
16400 24 0.32688395
16500 24 0.32887777
16600 24 0.33081055
16700 24 0.33280436
16800 24 0.33483887
16900 24 0.33683268
17000 24 0.33880615
17100 24 0.34079997
17200 24 0.34279378
17300 24 0.34480794
17400 24 0.34674072
17500 24 0.34873454
17600 24 0.35070801
17700 24 0.35264079
17800 24 0.35465495
17900 24 0.35666911
18000 24 0.35868327
18100 24 0.36059570
18200 24 0.36246745
18300 24 0.36444092
18400 24 0.36639404
18500 25 0.35357422
18600 25 0.35550781
18700 25 0.35742188
18800 25 0.35925781
18900 25 0.36115234
19000 25 0.36302734
19100 25 0.36496094
19200 25 0.36685547
19300 25 0.36875000
19400 25 0.37062500
19500 25 0.37250000
19600 25 0.37437500
19700 25 0.37625000
19800 25 0.37812500
19900 25 0.37996094
20000 25 0.38179687
20100 25 0.38365234
20200 25 0.38558594
20300 25 0.38746094
20400 25 0.38937500
20500 26 0.37620192
20600 26 0.37798603
20700 26 0.37984525
20800 26 0.38166692
20900 26 0.38343224
21000 26 0.38525391
21100 26 0.38701923
21200 26 0.38882212
21300 26 0.39058744
21400 26 0.39240910
21500 26 0.39423077
21600 26 0.39603365
21700 26 0.39789288
21800 26 0.39965820
21900 26 0.40149865
22000 26 0.40332031
22100 26 0.40508564
22200 26 0.40683218
22300 26 0.40865385
22400 26 0.41045673
22500 26 0.41227840
22600 27 0.39872685
22700 27 0.40048105
22800 27 0.40219907
22900 27 0.40395327
23000 27 0.40567130
23100 27 0.40737124
23200 27 0.40914352
23300 27 0.41089771
23400 27 0.41257957
23500 27 0.41433377
23600 27 0.41608796
23700 27 0.41780599
23800 27 0.41950593
23900 27 0.42127821
24000 27 0.42305049
24100 27 0.42480469
24200 27 0.42655888
24300 27 0.42827691
24400 27 0.43001302
24500 27 0.43173105
24600 28 0.41798619
24700 28 0.41964286
24800 28 0.42133440
24900 28 0.42302595
25000 28 0.42476981
25100 28 0.42649623
25200 28 0.42817034
25300 28 0.42987932
25400 28 0.43151855
25500 28 0.43317522
25600 28 0.43488421
25700 28 0.43655831
25800 28 0.43819754
25900 28 0.43987165
26000 28 0.44154576
26100 28 0.44318499
26200 28 0.44482422
26300 28 0.44651576
26400 28 0.44817243
26500 28 0.44979422
26600 28 0.45145089
26700 29 0.43750000
26800 29 0.43916689
26900 29 0.44078327
27000 29 0.44241649
27100 29 0.44401603
27200 29 0.44566608
27300 29 0.44724879
27400 29 0.44891568
27500 29 0.45054890
27600 29 0.45221579
27700 29 0.45383217
27800 29 0.45544855
27900 29 0.45708176
28000 29 0.45866447
28100 29 0.46029768
28200 29 0.46194774
28300 29 0.46363147
28400 29 0.46526468
28500 29 0.46679688
28600 29 0.46846377
28700 30 0.45436198
28800 30 0.45587565
28900 30 0.45743815
29000 30 0.45896810
29100 30 0.46049805
29200 30 0.46210937
29300 30 0.46365560
29400 30 0.46523437
29500 30 0.46681315
29600 30 0.46834310
29700 30 0.46985677
29800 30 0.47141927
29900 30 0.47301432
30000 30 0.47464193
30100 30 0.47620443
30200 30 0.47776693
30300 30 0.47934570
30400 30 0.48087565
30500 30 0.48248698
30600 30 0.48398438
30700 30 0.48556315
30800 31 0.47142767
30900 31 0.47293977
31000 31 0.47446762
31100 31 0.47591671
31200 31 0.47744456
31300 31 0.47892515
31400 31 0.48042150
31500 31 0.48190209
31600 31 0.48346144
31700 31 0.48491053
31800 31 0.48640688
31900 31 0.48790323
32000 31 0.48946258
32100 31 0.49095892
32200 31 0.49245527
32300 31 0.49396736
32400 31 0.49547946
32500 31 0.49696006
32600 31 0.49853516
32700 31 0.50003150
32800 32 0.48583984
32900 32 0.48731995
33000 32 0.48880005
33100 32 0.49026489
33200 32 0.49176025
33300 32 0.49324036
33400 32 0.49473572
33500 32 0.49620056
33600 32 0.49768066
33700 32 0.49916077
33800 32 0.50061035
33900 32 0.50204468
34000 32 0.50349426
34100 32 0.50500488
34200 32 0.50645447
34300 32 0.50791931
34400 32 0.50941467
34500 32 0.51089478
34600 32 0.51237488
34700 32 0.51379395
34800 32 0.51525879
34900 33 0.50102095
35000 33 0.50239702
35100 33 0.50381747
35200 33 0.50526752
35300 33 0.50671757
35400 33 0.50818241
35500 33 0.50961766
35600 33 0.51102332
35700 33 0.51244377
35800 33 0.51387902
35900 33 0.51529948
36000 33 0.51673473
36100 33 0.51814039
36200 33 0.51954605
36300 33 0.52099609
36400 33 0.52241655
36500 33 0.52385180
36600 33 0.52531664
36700 33 0.52675189
36800 33 0.52809837
36900 34 0.51394474
37000 34 0.51532341
37100 34 0.51670209
37200 34 0.51809513
37300 34 0.51950253
37400 34 0.52089557
37500 34 0.52224552
37600 34 0.52359547
37700 34 0.52497415
37800 34 0.52636719
37900 34 0.52776023
38000 34 0.52908146
38100 34 0.53043141
38200 34 0.53185317
38300 34 0.53324621
38400 34 0.53462489
38500 34 0.53600356
38600 34 0.53742532
38700 34 0.53880400
38800 34 0.54015395
38900 34 0.54146082
39000 35 0.52737165
39100 35 0.52866908
39200 35 0.53006417
39300 35 0.53136161
39400 35 0.53272879
39500 35 0.53406808
39600 35 0.53539342
39700 35 0.53667690
39800 35 0.53804408
39900 35 0.53938337
40000 35 0.54076451
40100 35 0.54211775
40200 35 0.54344308
40300 35 0.54479632
40400 35 0.54612165
40500 35 0.54743304
40600 35 0.54877232
40700 35 0.55009766
40800 35 0.55146484
40900 35 0.55280413
41000 36 0.53876411
41100 36 0.54007975
41200 36 0.54142253
41300 36 0.54276530
41400 36 0.54409451
41500 36 0.54541016
41600 36 0.54671224
41700 36 0.54800076
41800 36 0.54926215
41900 36 0.55055067
42000 36 0.55187988
42100 36 0.55315484
42200 36 0.55447049
42300 36 0.55577257
42400 36 0.55710178
42500 36 0.55840386
42600 36 0.55966526
42700 36 0.56092665
42800 36 0.56225586
42900 36 0.56357151
43000 36 0.56490072
43100 37 0.55090002
43200 37 0.55216691
43300 37 0.55343380
43400 37 0.55471389
43500 37 0.55595439
43600 37 0.55722128
43700 37 0.55850137
43800 37 0.55979466
43900 37 0.56107475
44000 37 0.56232844
44100 37 0.56360853
44200 37 0.56487542
44300 37 0.56612912
44400 37 0.56739601
44500 37 0.56868929
44600 37 0.56990340
44700 37 0.57119668
44800 37 0.57247677
44900 37 0.57371727
45000 37 0.57497097
45100 38 0.56103516
45200 38 0.56226871
45300 38 0.56348941
45400 38 0.56471012
45500 38 0.56594367
45600 38 0.56720292
45700 38 0.56844932
45800 38 0.56967002
45900 38 0.57092928
46000 38 0.57217568
46100 38 0.57342208
46200 38 0.57465563
46300 38 0.57588919
46400 38 0.57710989
46500 38 0.57831774
46600 38 0.57952560
46700 38 0.58078485
46800 38 0.58201840
46900 38 0.58323910
47000 38 0.58449836
47100 38 0.58573191
47200 39 0.57191506
47300 39 0.57307943
47400 39 0.57425631
47500 39 0.57540815
47600 39 0.57663512
47700 39 0.57783704
47800 39 0.57901392
47900 39 0.58021585
48000 39 0.58141777
48100 39 0.58263221
48200 39 0.58382161
48300 39 0.58499850
48400 39 0.58618790
48500 39 0.58741486
48600 39 0.58862931
48700 39 0.58984375
48800 39 0.59104567
48900 39 0.59224760
49000 39 0.59346204
49100 39 0.59466396
49200 40 0.58098145
49300 40 0.58216553
49400 40 0.58330078
49500 40 0.58448486
49600 40 0.58568115
49700 40 0.58685303
49800 40 0.58804932
49900 40 0.58916016
50000 40 0.59034424
50100 40 0.59152832
50200 40 0.59270020
50300 40 0.59390869
50400 40 0.59509277
50500 40 0.59624023
50600 40 0.59739990
50700 40 0.59854736
50800 40 0.59967041
50900 40 0.60087891
51000 40 0.60206299
51100 40 0.60322266
51200 41 0.58962938
51300 41 0.59078458
51400 41 0.59192788
51500 41 0.59310690
51600 41 0.59427401
51700 41 0.59540539
51800 41 0.59651296
51900 41 0.59764434
52000 41 0.59878763
52100 41 0.59991902
52200 41 0.60103849
52300 41 0.60216987
52400 41 0.60332508
52500 41 0.60446837
52600 41 0.60563548
52700 41 0.60675495
52800 41 0.60792207
52900 41 0.60910109
53000 41 0.61019674
53100 41 0.61134003
53200 41 0.61242378
53300 42 0.59892346
53400 42 0.60001628
53500 42 0.60107422
53600 42 0.60217866
53700 42 0.60329474
53800 42 0.60441081
53900 42 0.60553850
54000 42 0.60668945
54100 42 0.60782878
54200 42 0.60894485
54300 42 0.61004929
54400 42 0.61116536
54500 42 0.61228144
54600 42 0.61343238
54700 42 0.61450195
54800 42 0.61561802
54900 42 0.61669922
55000 42 0.61783854
55100 42 0.61896624
55200 42 0.62005906
55300 43 0.60669513
55400 43 0.60777389
55500 43 0.60887536
55600 43 0.60997684
55700 43 0.61103289
55800 43 0.61212300
55900 43 0.61320176
56000 43 0.61428052
56100 43 0.61534793
56200 43 0.61644940
56300 43 0.61755087
56400 43 0.61864099
56500 43 0.61967433
56600 43 0.62074173
56700 43 0.62183185
56800 43 0.62288790
56900 43 0.62395531
57000 43 0.62501136
57100 43 0.62611283
57200 43 0.62718023
57300 43 0.62824764
57400 44 0.61506792
57500 44 0.61613326
57600 44 0.61720969
57700 44 0.61825284
57800 44 0.61932928
57900 44 0.62040572
58000 44 0.62144886
58100 44 0.62252530
58200 44 0.62356845
58300 44 0.62461159
58400 44 0.62561035
58500 44 0.62667569
58600 44 0.62771884
58700 44 0.62877308
58800 44 0.62986062
58900 44 0.63090376
59000 44 0.63192472
59100 44 0.63299006
59200 44 0.63403320
59300 44 0.63503196
59400 45 0.62199436
59500 45 0.62300347
59600 45 0.62404514
59700 45 0.62510851
59800 45 0.62611762
59900 45 0.62717014
60000 45 0.62811415
60100 45 0.62914497
60200 45 0.63012153
60300 45 0.63113064
60400 45 0.63217231
60500 45 0.63317057
60600 45 0.63419054
60700 45 0.63519965
60800 45 0.63623047
60900 45 0.63723958
61000 45 0.63822700
61100 45 0.63925781
61200 45 0.64025608
61300 45 0.64126519
61400 45 0.64223090
61500 46 0.62923531
61600 46 0.63021187
61700 46 0.63120966
61800 46 0.63217561
61900 46 0.63312033
62000 46 0.63410751
62100 46 0.63506284
62200 46 0.63603940
62300 46 0.63705842
62400 46 0.63804560
62500 46 0.63906462
62600 46 0.64009426
62700 46 0.64106021
62800 46 0.64202615
62900 46 0.64296026
63000 46 0.64396867
63100 46 0.64495584
63200 46 0.64591118
63300 46 0.64683466
63400 46 0.64781123
63500 47 0.63500457
63600 47 0.63589802
63700 47 0.63685381
63800 47 0.63776804
63900 47 0.63867188
64000 47 0.63959649
64100 47 0.64053150
64200 47 0.64151845
64300 47 0.64237035
64400 47 0.64323263
64500 47 0.64417803
64600 47 0.64506109
64700 47 0.64601687
64800 47 0.64699343
64900 47 0.64786611
65000 47 0.64884267
65100 47 0.64972573
65200 47 0.65065035
65300 47 0.65152302
65400 47 0.65239569
65500 47 0.65322681
65600 48 0.64045207
65700 48 0.64132690
65800 48 0.64215088
65900 48 0.64303589
66000 48 0.64388021
66100 48 0.64467367
66200 48 0.64554850
66300 48 0.64621989
66400 48 0.64695231
66500 48 0.64775594
66600 48 0.64848836
66700 48 0.64929199
66800 48 0.65006510
66900 48 0.65081787
67000 48 0.65156047
67100 48 0.65231323
67200 48 0.65299479
67300 48 0.65369670
67400 48 0.65428670
67500 48 0.65497843
67600 49 0.64234893
67700 49 0.64303651
67800 49 0.64375399
67900 49 0.64442164
68000 49 0.64516901
68100 49 0.64581673
68200 49 0.64648438
68300 49 0.64712213
68400 49 0.64784957
68500 49 0.64853715
68600 49 0.64918487
68700 49 0.64976283
68800 49 0.65038066
68900 49 0.65095863
69000 49 0.65150670
69100 49 0.65210459
69200 49 0.65268256
69300 49 0.65328045
69400 49 0.65389828
69500 49 0.65452607
69600 49 0.65510403
69700 50 0.64263672
69800 50 0.64321289
69900 50 0.64380859
70000 50 0.64443359
70100 50 0.64488281
70200 50 0.64548828
70300 50 0.64603516
70400 50 0.64650391
70500 50 0.64700195
70600 50 0.64745117
70700 50 0.64798828
70800 50 0.64848633
70900 50 0.64896484
71000 50 0.64950195
71100 50 0.65002930
71200 50 0.65047852
71300 50 0.65103516
71400 50 0.65149414
71500 50 0.65200195
71600 50 0.65253906
71700 51 0.64016544
71800 51 0.64064415
71900 51 0.64121860
72000 51 0.64179305
72100 51 0.64230047
72200 51 0.64273131
72300 51 0.64327704
72400 51 0.64374617
72500 51 0.64426317
72600 51 0.64476103
72700 51 0.64523974
72800 51 0.64565142
72900 51 0.64616843
73000 51 0.64663756
73100 51 0.64716414
73200 52 0.63527269
73300 52 0.63569524
73400 53 0.62422612
73500 54 0.61310041
73600 55 0.60239702
73700 55 0.60277876
73800 55 0.60324041
73900 55 0.60367543
74000 56 0.59340123
74100 56 0.59381104
74200 56 0.59424700
74300 56 0.59459577
74400 56 0.59501430
74500 56 0.59545027
74600 57 0.58544922
74700 57 0.58585184
74800 57 0.58633155
74900 57 0.58677700
75000 57 0.58722245
75100 58 0.57751044
75200 58 0.57791453
75300 58 0.57833547
75400 58 0.57878165
75500 58 0.57923626
75600 59 0.56989870
75700 60 0.56077474
75800 60 0.56114095
75900 60 0.56156413
76000 60 0.56190592
76100 61 0.55315061
76200 61 0.55356685
76300 63 0.53641183
76400 63 0.53678385
76500 63 0.53719463
76600 63 0.53757440
76700 63 0.53800843
76800 63 0.53835720
76900 63 0.53872148
77000 63 0.53910125
77100 64 0.53105927
77200 64 0.53144073
77300 64 0.53182220
77400 64 0.53218079
77500 64 0.53256989
77600 64 0.53292847
77700 64 0.53328705
77800 64 0.53366852
77900 65 0.52584886
78000 65 0.52622446
78100 65 0.52662260
78200 66 0.51909476
78300 66 0.51945727
78400 66 0.51981238
78500 66 0.52025627
78600 66 0.52064838
78700 66 0.52102569
78800 67 0.51369374
78900 67 0.51405084
79000 67 0.51450268
79100 67 0.51488893
79200 67 0.51528976
79300 67 0.51567601
79400 67 0.51603312
79500 67 0.51643394
79600 67 0.51682020
79700 67 0.51722102
79800 67 0.51768015
79900 67 0.51808827
80000 67 0.51845995
80100 67 0.51886806
80200 67 0.51923974
80300 67 0.51973531
80400 67 0.52015071
80500 69 0.50551970
80600 69 0.50595845
80700 69 0.50639012
80800 70 0.49958147
80900 70 0.49995117
81000 70 0.50040458
81100 70 0.50084403
81200 70 0.50129046
81300 70 0.50169503
81400 70 0.50211356
81500 70 0.50255999
81600 70 0.50299247
81700 70 0.50342494
81800 70 0.50387137
81900 70 0.50426200
82000 70 0.50473633
82100 70 0.50524554
82200 71 0.49856954
82300 71 0.49896842
82400 71 0.49943607
82500 71 0.49991060
82600 71 0.50038512
82700 71 0.50079088
82800 71 0.50123790
82900 71 0.50172618
83000 71 0.50218695
83100 71 0.50259958
83200 71 0.50303972
83300 71 0.50346611
83400 71 0.50391313
83500 71 0.50441516
83600 71 0.50484843
83700 71 0.50530920
83800 71 0.50579060
83900 71 0.50625825
84000 71 0.50671215
84100 72 0.50018989
84200 72 0.50064426
84300 72 0.50105794
84400 72 0.50152588
84500 73 0.49510381
84600 73 0.49549176
84700 73 0.49596666
84800 73 0.49644826
84900 74 0.49022778
85000 74 0.49071606
85100 74 0.49110536
85200 74 0.49156065
85300 74 0.49202914
85400 74 0.49245144
85500 74 0.49290013
85600 74 0.49336861
85700 74 0.49381071
85800 74 0.49420661
85900 74 0.49468829
86000 74 0.49516338
86100 75 0.48903646
86200 75 0.48946615
86300 75 0.48994141
86400 75 0.49042318
86500 75 0.49091797
86600 75 0.49136068
86700 75 0.49177083
86800 75 0.49222005
86900 75 0.49268880
87000 75 0.49313151
87100 75 0.49358073
87200 75 0.49399740
87300 75 0.49449219
87400 75 0.49492839
87500 75 0.49534505
87600 75 0.49582031
87700 75 0.49628906
87800 76 0.49024080
87900 76 0.49070981
88000 76 0.49117239
88100 76 0.49176347
88200 77 0.48587155
88300 77 0.48634081
88400 77 0.48678470
88500 77 0.48727298
88600 77 0.48769785
88700 77 0.48814808
88800 77 0.48855393
88900 77 0.48900416
89000 77 0.48941635
89100 77 0.48985390
89200 77 0.49034852
89300 77 0.49078607
89400 77 0.49127435
89500 77 0.49171190
89600 77 0.49218750
89700 77 0.49265042
89800 77 0.49308797
89900 77 0.49353820
90000 77 0.49396941
90100 77 0.49444501
90200 78 0.48855043
90300 78 0.48896985
90400 78 0.48942683
90500 78 0.48989633
90600 78 0.49035958
90700 78 0.49080404
90800 79 0.48504252
90900 79 0.48549990
91000 79 0.48592637
91100 79 0.48635903
91200 79 0.48678550
91300 79 0.48718107
91400 79 0.48764463
91500 79 0.48811437
91600 79 0.48859029
91700 79 0.48902912
91800 79 0.48950504
91900 79 0.48992534
92000 79 0.49040126
92100 79 0.49084009
92200 80 0.48516235
92300 80 0.48555908
92400 80 0.48597412
92500 81 0.48039641
92600 81 0.48081838
92700 81 0.48124035
92800 81 0.48166233
92900 82 0.47619331
93000 82 0.47660418
93100 82 0.47703887
93200 82 0.47752120
93300 82 0.47795589
93400 82 0.47834889
93500 82 0.47878954
93600 82 0.47919446
93700 82 0.47961128
93800 82 0.48004002
93900 82 0.48046280
94000 82 0.48093321
94100 82 0.48134408
94200 82 0.48168945
94300 82 0.48208246
94400 83 0.47665074
94500 83 0.47706255
94600 83 0.47745082
94700 84 0.47215634
94800 84 0.47259231
94900 84 0.47299340
95000 84 0.47344099
95100 84 0.47386533
95200 84 0.47426642
95300 84 0.47465007
95400 84 0.47512091
95500 84 0.47555106
95600 84 0.47598121
95700 84 0.47638230
95800 84 0.47681245
95900 84 0.47717285
96000 84 0.47757394
96100 84 0.47802153
96200 84 0.47844006
96300 84 0.47906785
96400 84 0.47953288
96500 85 0.47431066
96600 85 0.47470703
96700 85 0.47512638
96800 85 0.47555722
96900 85 0.47594784
97000 85 0.47637868
97100 85 0.47678079
97200 85 0.47720588
97300 85 0.47762523
97400 85 0.47805607
97500 85 0.47847541
97600 85 0.47890051
97700 85 0.47934283
97800 85 0.47976218
97900 85 0.48015280
98000 85 0.48057790
98100 85 0.48096852
98200 85 0.48133042
98300 85 0.48173254
98400 86 0.47668173
98500 86 0.47709053
98600 86 0.47748796
98700 86 0.47788540
98800 86 0.47829987
98900 86 0.47865757
99000 86 0.47902662
99100 86 0.47944677
99200 86 0.47979311
99300 86 0.48019622
99400 86 0.48062773
99500 86 0.48103084
99600 86 0.48139989
99700 86 0.48176894
99800 86 0.48213799
99900 86 0.48254678
100000 86 0.48292151
100100 86 0.48330759
100200 86 0.48372207
100300 87 0.47853246
100400 88 0.47347745
100500 88 0.47382702
100600 88 0.47417658
100700 88 0.47455944
100800 88 0.47493675
100900 88 0.47530850
101000 88 0.47574685
101100 88 0.47613525
101200 88 0.47651811
101300 88 0.47693981
101400 88 0.47729492
101500 88 0.47771107
101600 88 0.47808838
101700 88 0.47849343
101800 88 0.47888738
101900 88 0.47929798
102000 88 0.47966420
102100 88 0.48006370
102200 88 0.48044101
102300 88 0.48082386
102400 89 0.47576150
102500 89 0.47614005
102600 89 0.47652410
102700 90 0.47164714
102800 90 0.47202148
102900 90 0.47236871
103000 90 0.47272135
103100 90 0.47309028
103200 90 0.47345378
103300 90 0.47380642
103400 90 0.47420247
103500 90 0.47457140
103600 90 0.47497287
103700 90 0.47540690
103800 90 0.47577582
103900 90 0.47619900
104000 90 0.47662218
104100 90 0.47700195
104200 90 0.47734375
104300 90 0.47772352
104400 90 0.47809245
104500 91 0.47323038
104600 91 0.47364354
104700 91 0.47402988
104800 91 0.47442157
104900 91 0.47482937
105000 91 0.47514595
105100 91 0.47552155
105200 91 0.47589715
105300 91 0.47629421
105400 91 0.47668055
105500 91 0.47706688
105600 91 0.47744785
105700 91 0.47783418
105800 91 0.47819905
105900 91 0.47858538
106000 91 0.47892342
106100 91 0.47927756
106200 91 0.47963706
106300 91 0.48002876
106400 91 0.48045265
106500 92 0.47560186
106600 92 0.47599992
106700 92 0.47639266
106800 92 0.47675357
106900 92 0.47718347
107000 92 0.47753906
107100 92 0.47791058
107200 92 0.47834579
107300 92 0.47873854
107400 92 0.47911536
107500 92 0.47955057
107600 92 0.47994862
107700 92 0.48033076
107800 92 0.48073412
107900 92 0.48111095
108000 92 0.48152492
108100 92 0.48190175
108200 92 0.48227327
108300 92 0.48265540
108400 92 0.48304815
108500 92 0.48341967
108600 93 0.47858388
108700 93 0.47896715
108800 93 0.47931368
108900 93 0.47970220
109000 93 0.48010123
109100 93 0.48048975
109200 93 0.48089403
109300 93 0.48129830
109400 93 0.48172358
109500 93 0.48209110
109600 93 0.48250588
109700 93 0.48286815
109800 93 0.48324618
109900 93 0.48359795
110000 93 0.48395497
110100 93 0.48430675
110200 93 0.48473202
110300 93 0.48509430
110400 93 0.48547232
110500 93 0.48586085
110600 94 0.48109209
110700 94 0.48142973
110800 94 0.48184009
110900 95 0.47716900
111000 95 0.47752364
111100 95 0.47787829
111200 95 0.47824322
111300 95 0.47860814
111400 95 0.47897307
111500 95 0.47935341
111600 95 0.47976974
111700 95 0.48016550
111800 95 0.48055613
111900 95 0.48094161
112000 95 0.48133738
112100 95 0.48168688
112200 95 0.48208265
112300 95 0.48245271
112400 95 0.48285362
112500 95 0.48323910
112600 95 0.48364001
112700 95 0.48401007
112800 95 0.48439042
112900 95 0.48477590
113000 95 0.48515625
113100 95 0.48555715
113200 95 0.48596834
113300 95 0.48636410
113400 95 0.48677015
113500 95 0.48718133
113600 96 0.48247274
113700 96 0.48288981
113800 96 0.48327637
113900 96 0.48366292
114000 97 0.47905928
114100 97 0.47944185
114200 97 0.47983952
114300 97 0.48019692
114400 97 0.48058956
114500 97 0.48100234
114600 97 0.48138491
114700 97 0.48176748
114800 97 0.48216012
114900 97 0.48256786
115000 98 0.47802734
115100 98 0.47841099
115200 98 0.47879464
115300 98 0.47915338
115400 98 0.47954201
115500 98 0.47994061
115600 99 0.47540838
115700 99 0.47580295
115800 99 0.47621725
115900 99 0.47659702
116000 99 0.47697187
116100 99 0.47735164
116200 99 0.47773635
116300 99 0.47808653
116400 99 0.47845644
116500 99 0.47882635
116600 99 0.47918146
116700 99 0.47956124
116800 99 0.47996567
116900 99 0.48031585
117000 99 0.48065124
117100 99 0.48099649
117200 99 0.48135160
117300 99 0.48175110
117400 99 0.48210129
117500 99 0.48249092
117600 99 0.48283617
117700 99 0.48325047
117800 99 0.48365491
117900 99 0.48404455
118000 99 0.48444405
118100 99 0.48483369
118200 99 0.48523319
118300 99 0.48561790
118400 99 0.48596315
118500 99 0.48636758
118600 99 0.48673256
118700 100 0.48226074
118800 100 0.48264648
118900 100 0.48306152
119000 100 0.48345215
119100 101 0.47902324
119200 101 0.47941967
119300 101 0.47976775
119400 101 0.48014484
119500 101 0.48049776
119600 101 0.48088451
119700 101 0.48123743
119800 101 0.48159518
119900 101 0.48199161
120000 101 0.48237353
120100 101 0.48274095
120200 101 0.48309870
120300 101 0.48349029
120400 101 0.48386255
120500 101 0.48424930
120600 101 0.48458772
120700 101 0.48498414
120800 101 0.48536607
120900 101 0.48574799
121000 102 0.48136393
121100 102 0.48177562
121200 102 0.48213944
121300 102 0.48252240
121400 102 0.48289101
121500 102 0.48327876
121600 102 0.48362343
121700 102 0.48400640
121800 102 0.48435585
121900 102 0.48470052
122000 102 0.48506913
122100 102 0.48545688
122200 102 0.48582070
122300 102 0.48617494
122400 102 0.48655790
122500 102 0.48690257
122600 102 0.48723767
122700 102 0.48758234
122800 102 0.48793658
122900 102 0.48831955
123000 102 0.48868815
123100 102 0.48907112
123200 102 0.48945887
123300 102 0.48984662
123400 102 0.49021044
123500 103 0.48583510
123600 103 0.48624279
123700 103 0.48663152
123800 103 0.48699181
123900 103 0.48739002
124000 103 0.48773608
124100 103 0.48810585
124200 103 0.48849458
124300 103 0.48885012
124400 103 0.48921989
124500 103 0.48958965
124600 103 0.48996890
124700 103 0.49031971
124800 103 0.49068947
124900 103 0.49109242
125000 103 0.49151434
125100 103 0.49186040
125200 103 0.49224913
125300 103 0.49262363
125400 103 0.49300762
125500 103 0.49341057
125600 103 0.49376612
125700 103 0.49412166
125800 104 0.48976018
125900 104 0.49016395
126000 104 0.49051138
126100 104 0.49089168
126200 104 0.49127197
126300 104 0.49162410
126400 104 0.49201378
126500 104 0.49240347
126600 104 0.49276029
126700 104 0.49313589
126800 104 0.49349741
126900 104 0.49389179
127000 104 0.49425800
127100 104 0.49465708
127200 105 0.49029483
127300 105 0.49070406
127400 105 0.49107143
127500 105 0.49144810
127600 105 0.49182478
127700 105 0.49219680
127800 105 0.49255952
127900 105 0.49294550
128000 105 0.49330822
128100 106 0.48900446
128200 106 0.48934073
128300 106 0.48970003
128400 106 0.49006394
128500 106 0.49043245
128600 106 0.49079175
128700 106 0.49116487
128800 106 0.49150114
128900 106 0.49185584
129000 106 0.49222896
129100 107 0.48798007
129200 107 0.48833145
129300 107 0.48868283
129400 107 0.48905702
129500 107 0.48940384
129600 107 0.48975522
129700 107 0.49014311
129800 107 0.49052643
129900 107 0.49090975
130000 107 0.49127482
130100 107 0.49163533
130200 107 0.49196389
130300 107 0.49232896
130400 107 0.49268034
130500 107 0.49305910
130600 108 0.48886447
130700 108 0.48923069
130800 108 0.48957881
130900 108 0.48995407
131000 108 0.49032028
131100 109 0.48617582
131200 109 0.48656107
131300 109 0.48691944
131400 109 0.48728677
131500 109 0.48761378
131600 109 0.48798111
131700 109 0.48836188
131800 109 0.48873817
131900 109 0.48910102
132000 109 0.48946836
132100 109 0.48978641
132200 109 0.49014926
132300 109 0.49048971
132400 109 0.49083465
132500 109 0.49117062
132600 109 0.49152451
132700 109 0.49191872
132800 109 0.49229053
132900 109 0.49263546
133000 109 0.49297144
133100 109 0.49334773
133200 110 0.48921786
133300 110 0.48960849
133400 110 0.48996804
133500 110 0.49027876
133600 110 0.49065607
133700 110 0.49098455
133800 110 0.49136630
133900 110 0.49169478
134000 110 0.49203214
134100 110 0.49243164
134200 110 0.49281339
134300 110 0.49317294
134400 110 0.49349254
134500 110 0.49384322
134600 110 0.49419833
134700 110 0.49456232
134800 110 0.49493519
134900 110 0.49529918
135000 110 0.49567649
135100 110 0.49601829
135200 111 0.49189717
135300 111 0.49225788
135400 111 0.49260980
135500 111 0.49299690
135600 111 0.49334882
135700 111 0.49368754
135800 111 0.49405265
135900 111 0.49444415
136000 111 0.49478727
136100 111 0.49513918
136200 111 0.49548670
136300 111 0.49584741
136400 111 0.49618173
136500 111 0.49653364
136600 111 0.49689875
136700 111 0.49725507
136800 111 0.49760698
136900 111 0.49794130
137000 111 0.49830641
137100 111 0.49867152
137200 111 0.49901024
137300 112 0.49491228
137400 112 0.49526542
137500 112 0.49559675
137600 112 0.49594552
137700 112 0.49628122
137800 112 0.49661691
137900 112 0.49696568
138000 112 0.49733189
138100 112 0.49769810
138200 112 0.49803380
138300 112 0.49839129
138400 112 0.49876186
138500 112 0.49910627
138600 112 0.49945504
138700 112 0.49981689
138800 112 0.50016567
138900 112 0.50052752
139000 112 0.50088065
139100 112 0.50125558
139200 112 0.50160435
139300 113 0.49751970
139400 113 0.49788700
139500 113 0.49819811
139600 113 0.49856540
139700 113 0.49890245
139800 113 0.49926974
139900 113 0.49962839
140000 113 0.49996543
140100 113 0.50030680
140200 113 0.50063088
140300 113 0.50094631
140400 113 0.50128768
140500 113 0.50160744
140600 113 0.50193584
140700 113 0.50228585
140800 113 0.50263153
140900 113 0.50296858
141000 113 0.50333155
141100 113 0.50365563
141200 113 0.50400996
141300 113 0.50437293
141400 114 0.50027412
141500 114 0.50060821
141600 114 0.50097656
141700 114 0.50130208
141800 114 0.50161904
141900 114 0.50197882
142000 114 0.50234718
142100 114 0.50269840
142200 114 0.50309673
142300 114 0.50344367
142400 115 0.49938859
142500 115 0.49974100
142600 115 0.50007643
142700 115 0.50042459
142800 115 0.50077700
142900 115 0.50111243
143000 115 0.50145635
143100 115 0.50178753
143200 115 0.50211022
143300 115 0.50244990
143400 116 0.49843834
143500 116 0.49879613
143600 116 0.49913709
143700 116 0.49949067
143800 116 0.49983163
143900 116 0.50018521
144000 116 0.50051775
144100 116 0.50083765
144200 116 0.50118282
144300 116 0.50151536
144400 116 0.50186473
144500 116 0.50218043
144600 116 0.50247929
144700 116 0.50282025
144800 116 0.50315699
144900 116 0.50349374
145000 116 0.50381785
145100 116 0.50417565
145200 116 0.50450397
145300 116 0.50481967
145400 116 0.50517746
145500 117 0.50119775
145600 117 0.50155666
145700 117 0.50186966
145800 117 0.50224109
145900 117 0.50258747
146000 117 0.50293386
146100 117 0.50328442
146200 117 0.50359325
146300 117 0.50394381
146400 117 0.50429020
146500 117 0.50464911
146600 117 0.50499967
146700 117 0.50533353
146800 117 0.50567992
146900 117 0.50602214
147000 117 0.50636435
147100 117 0.50669822
147200 117 0.50705295
147300 117 0.50738265
147400 117 0.50772903
147500 118 0.50372418
147600 118 0.50408832
147700 118 0.50439453
147800 118 0.50474212
147900 118 0.50507730
148000 118 0.50541247
148100 118 0.50576006
148200 118 0.50606627
148300 119 0.50213777
148400 119 0.50246603
148500 119 0.50281890
148600 119 0.50315536
148700 119 0.50349183
148800 119 0.50383650
148900 119 0.50416475
149000 119 0.50449301
149100 119 0.50483768
149200 119 0.50518235
149300 119 0.50549009
149400 119 0.50582245
149500 119 0.50621225
149600 120 0.50230306
149700 120 0.50262451
149800 120 0.50294189
149900 120 0.50328776
150000 120 0.50361735
150100 120 0.50395101
150200 120 0.50426432
150300 120 0.50459391
150400 120 0.50492350
150500 120 0.50526530
150600 120 0.50558268
150700 120 0.50591634
150800 120 0.50627441
150900 120 0.50660400
151000 120 0.50694173
151100 120 0.50726318
151200 120 0.50759277
151300 120 0.50792236
151400 120 0.50826823
151500 120 0.50860189
151600 121 0.50470929
151700 121 0.50502405
151800 121 0.50535899
151900 121 0.50567778
152000 121 0.50602079
152100 121 0.50633555
152200 121 0.50665031
152300 121 0.50699332
152400 121 0.50732422
152500 121 0.50765916
152600 121 0.50799813
152700 121 0.50832096
152800 121 0.50864782
152900 121 0.50897065
153000 121 0.50929349
153100 121 0.50961632
153200 121 0.50992704
153300 121 0.51027408
153400 121 0.51061306
153500 121 0.51094396
153600 122 0.50709609
153700 122 0.50741627
153800 122 0.50773245
153900 122 0.50807265
154000 122 0.50842485
154100 122 0.50872102
154200 122 0.50902920
154300 122 0.50935739
154400 122 0.50969759
154500 122 0.51002177
154600 122 0.51034196
154700 122 0.51065414
154800 122 0.51098233
154900 122 0.51131852
155000 122 0.51164271
155100 122 0.51195889
155200 122 0.51227907
155300 122 0.51261527
155400 122 0.51291944
155500 122 0.51325564
155600 122 0.51355981
155700 123 0.50972196
155800 123 0.51005939
155900 123 0.51034918
156000 123 0.51067867
156100 123 0.51099228
156200 124 0.50718246
156300 124 0.50749354
156400 124 0.50778494
156500 124 0.50811964
156600 124 0.50845435
156700 124 0.50878119
156800 124 0.50909621
156900 124 0.50942304
157000 124 0.50974200
157100 124 0.51004521
157200 124 0.51036810
157300 124 0.51067525
157400 124 0.51098633
157500 124 0.51130135
157600 124 0.51161243
157700 125 0.50782031
157800 125 0.50814063
157900 125 0.50843359
158000 125 0.50873047
158100 125 0.50903125
158200 125 0.50935156
158300 125 0.50967187
158400 125 0.50997266
158500 125 0.51028125
158600 125 0.51060156
158700 125 0.51091016
158800 125 0.51123828
158900 125 0.51155078
159000 125 0.51186719
159100 125 0.51217578
159200 125 0.51247656
159300 125 0.51278906
159400 125 0.51310547
159500 125 0.51339453
159600 125 0.51369141
159700 125 0.51401562
159800 126 0.51025003
159900 126 0.51056393
160000 126 0.51084682
160100 126 0.51116071
160200 126 0.51148236
160300 126 0.51180401
160400 126 0.51213728
160500 126 0.51245117
160600 126 0.51276507
160700 126 0.51309446
160800 126 0.51339673
160900 126 0.51371838
161000 126 0.51402840
161100 126 0.51435004
161200 126 0.51467556
161300 126 0.51496621
161400 126 0.51526848
161500 126 0.51556300
161600 126 0.51584589
161700 126 0.51614041
161800 127 0.51238389
161900 127 0.51270685
162000 127 0.51299136
162100 127 0.51330278
162200 127 0.51360651
162300 127 0.51392178
162400 127 0.51424474
162500 127 0.51456001
162600 127 0.51488681
162700 127 0.51519439
162800 127 0.51551350
162900 127 0.51580570
163000 127 0.51613250
163100 127 0.51643239
163200 127 0.51674766
163300 127 0.51704755
163400 127 0.51735129
163500 127 0.51766655
163600 127 0.51794337
163700 127 0.51823557
163800 127 0.51857391
163900 128 0.51483536
164000 128 0.51515961
164100 128 0.51545334
164200 128 0.51576233
164300 128 0.51607895
164400 128 0.51639175
164500 128 0.51670837
164600 128 0.51700592
164700 128 0.51731491
164800 128 0.51761627
164900 128 0.51792908
165000 128 0.51821518
165100 128 0.51855850
165200 128 0.51885605
165300 128 0.51918411
165400 128 0.51951218
165500 128 0.51981354
165600 128 0.52011108
165700 128 0.52043915
165800 128 0.52075195
165900 129 0.51701414
166000 129 0.51733966
166100 129 0.51763869
166200 129 0.51794907
166300 129 0.51827080
166400 129 0.51857740
166500 129 0.51884993
166600 129 0.51914895
166700 129 0.51945555
166800 129 0.51975836
166900 129 0.52009145
167000 129 0.52039804
167100 129 0.52069328
167200 129 0.52098095
167300 129 0.52128755
167400 129 0.52157522
167500 129 0.52187803
167600 129 0.52219219
167700 129 0.52250636
167800 129 0.52280917
167900 129 0.52311576
168000 130 0.51937350
168100 130 0.51967773
168200 130 0.52000826
168300 130 0.52031250
168400 130 0.52062800
168500 130 0.52091346
168600 130 0.52119892
168700 130 0.52150316
168800 130 0.52182993
168900 130 0.52216046
169000 130 0.52245718
169100 130 0.52274639
169200 130 0.52304312
169300 130 0.52332858
169400 130 0.52361028
169500 130 0.52392954
169600 130 0.52422626
169700 130 0.52450045
169800 130 0.52484600
169900 130 0.52516902
170000 131 0.52144337
170100 131 0.52174529
170200 131 0.52205093
170300 131 0.52234539
170400 131 0.52264358
170500 131 0.52293804
170600 131 0.52322131
170700 131 0.52352323
170800 131 0.52383260
170900 131 0.52413824
171000 131 0.52442152
171100 131 0.52470479
171200 131 0.52503280
171300 131 0.52531981
171400 131 0.52561799
171500 131 0.52593109
171600 131 0.52623673
171700 131 0.52652746
171800 131 0.52681820
171900 131 0.52714247
172000 131 0.52745184
172100 132 0.52373343
172200 132 0.52398867
172300 132 0.52426610
172400 132 0.52458422
172500 132 0.52489495
172600 132 0.52517238
172700 132 0.52544981
172800 132 0.52572354
172900 132 0.52602317
173000 132 0.52626731
173100 132 0.52657804
173200 132 0.52688136
173300 132 0.52718099
173400 132 0.52747692
173500 132 0.52776915
173600 132 0.52805768
173700 132 0.52836100
173800 132 0.52867543
173900 132 0.52898245
174000 132 0.52926358
174100 133 0.52557786
174200 133 0.52588258
174300 133 0.52617261
174400 133 0.52646264
174500 133 0.52675634
174600 133 0.52703169
174700 133 0.52733641
174800 133 0.52761175
174900 133 0.52790546
175000 133 0.52819549
175100 133 0.52850388
175200 133 0.52879024
175300 133 0.52909863
175400 133 0.52938499
175500 133 0.52968236
175600 133 0.52995036
175700 133 0.53024040
175800 133 0.53054511
175900 133 0.53083514
176000 133 0.53113252
176100 133 0.53144091
176200 134 0.52776644
176300 134 0.52805795
176400 134 0.52837861
176500 134 0.52864826
176600 134 0.52894706
176700 134 0.52924950
176800 134 0.52951915
176900 134 0.52983253
177000 134 0.53011311
177100 134 0.53039733
177200 134 0.53069248
177300 134 0.53098764
177400 134 0.53128644
177500 134 0.53157431
177600 134 0.53186582
177700 134 0.53213547
177800 134 0.53241604
177900 134 0.53271849
178000 134 0.53300635
178100 134 0.53328693
178200 135 0.52962240
178300 135 0.52990813
178400 135 0.53020472
178500 135 0.53047598
178600 135 0.53076534
178700 135 0.53105830
178800 135 0.53135489
178900 135 0.53162977
179000 135 0.53191189
179100 135 0.53219763
179200 135 0.53247613
179300 135 0.53277633
179400 135 0.53305845
179500 135 0.53332610
179600 135 0.53359013
179700 135 0.53386140
179800 135 0.53416522
179900 135 0.53444734
180000 135 0.53473307
180100 135 0.53504051
180200 135 0.53531901
180300 136 0.53168802
180400 136 0.53198601
180500 136 0.53224810
180600 136 0.53252815
180700 136 0.53281178
180800 136 0.53310978
180900 136 0.53340418
181000 136 0.53369859
181100 136 0.53399299
181200 136 0.53427663
181300 136 0.53455667
181400 136 0.53481876
181500 136 0.53509521
181600 136 0.53534654
181700 136 0.53562658
181800 136 0.53591739
181900 136 0.53621180
182000 136 0.53650620
182100 136 0.53680061
182200 136 0.53707347
182300 137 0.53343479
182400 137 0.53370923
182500 137 0.53397653
182600 137 0.53427948
182700 137 0.53457174
182800 137 0.53483548
182900 137 0.53513843
183000 137 0.53541286
183100 137 0.53569086
183200 137 0.53599381
183300 137 0.53628250
183400 137 0.53654981
183500 137 0.53683494
183600 137 0.53710938
183700 137 0.53740520
183800 137 0.53769032
183900 137 0.53796832
184000 137 0.53826414
184100 137 0.53854214
184200 137 0.53879163
184300 137 0.53906606
184400 138 0.53544285
184500 138 0.53570822
184600 138 0.53600190
184700 138 0.53628142
184800 138 0.53656448
184900 138 0.53682985
185000 138 0.53709168
185100 138 0.53734998
185200 138 0.53761889
185300 138 0.53788072
185400 138 0.53816378
185500 138 0.53842207
185600 138 0.53869452
185700 138 0.53897758
185800 138 0.53925003
185900 138 0.53952248
186000 138 0.53982323
186100 138 0.54009567
186200 138 0.54037520
186300 138 0.54067241
186400 139 0.53707073
186500 139 0.53735176
186600 139 0.53762576
186700 139 0.53788922
186800 139 0.53815268
186900 139 0.53842668
187000 139 0.53869365
187100 139 0.53897117
187200 139 0.53923463
187300 139 0.53950863
187400 139 0.53974750
187500 139 0.54002501
187600 139 0.54031306
187700 139 0.54057652
187800 139 0.54081539
187900 139 0.54108939
188000 139 0.54135988
188100 139 0.54162685
188200 139 0.54190085
188300 139 0.54216432
188400 139 0.54242426
188500 140 0.53881138
188600 140 0.53909389
188700 140 0.53936942
188800 140 0.53963449
188900 140 0.53989607
189000 140 0.54017508
189100 140 0.54044015
189200 140 0.54069824
189300 140 0.54099819
189400 140 0.54126674
189500 140 0.54155273
189600 140 0.54183524
189700 140 0.54211077
189800 140 0.54239328
189900 140 0.54268624
190000 140 0.54294085
190100 140 0.54319196
190200 140 0.54346401
190300 140 0.54371164
190400 140 0.54399065
190500 141 0.54040268
190600 141 0.54068318
190700 141 0.54096368
190800 141 0.54121994
190900 141 0.54151083
191000 141 0.54178095
191100 141 0.54203721
191200 141 0.54229693
191300 141 0.54258782
191400 141 0.54287525
191500 141 0.54313497
191600 141 0.54341894
191700 141 0.54368559
191800 141 0.54397648
191900 141 0.54422235
192000 141 0.54450978
192100 141 0.54478336
192200 141 0.54505693
192300 141 0.54532704
192400 141 0.54559716
192500 141 0.54584649
192600 142 0.54225352
192700 142 0.54252173
192800 142 0.54278307
192900 142 0.54303752
193000 142 0.54331949
193100 142 0.54358426
193200 142 0.54384559
193300 142 0.54412068
193400 142 0.54437170
193500 142 0.54463303
193600 142 0.54489093
193700 142 0.54514538
193800 142 0.54540328
193900 142 0.54565774
194000 142 0.54590875
194100 142 0.54616665
194200 142 0.54644174
194300 142 0.54670651
194400 142 0.54694377
194500 142 0.54722230
194600 143 0.54363459
194700 143 0.54389068
194800 143 0.54415360
194900 143 0.54440628
195000 143 0.54463847
195100 143 0.54488090
195200 143 0.54515065
195300 143 0.54540333
195400 143 0.54562869
195500 143 0.54592234
195600 143 0.54614770
195700 143 0.54640038
195800 143 0.54666330
195900 143 0.54693305
196000 143 0.54720280
196100 143 0.54746572
196200 143 0.54773547
196300 143 0.54800522
196400 143 0.54823058
196500 143 0.54849350
196600 143 0.54874959
196700 144 0.54518636
196800 144 0.54542372
196900 144 0.54568481
197000 144 0.54593913
197100 144 0.54619344
197200 144 0.54643758
197300 144 0.54667494
197400 144 0.54693604
197500 144 0.54720730
197600 144 0.54744466
197700 144 0.54770576
197800 144 0.54794990
197900 144 0.54819743
198000 144 0.54843818
198100 144 0.54870945
198200 144 0.54897393
198300 144 0.54922146
198400 144 0.54946560
198500 144 0.54969279
198600 144 0.54997762
198700 145 0.54657193
198800 145 0.54684806
198900 145 0.54708378
199000 145 0.54734981
199100 145 0.54760237
199200 145 0.54785156
199300 145 0.54808392
199400 145 0.54832301
199500 145 0.54858567
199600 145 0.54881802
199700 145 0.54907732
199800 145 0.54934335
199900 145 0.54958244
200000 145 0.54982152
200100 145 0.55007745
200200 145 0.55031654
200300 145 0.55054890
200400 145 0.55080145
200500 145 0.55105401
200600 145 0.55128300
200700 145 0.55156250
200800 146 0.54797865
200900 146 0.54823617
201000 146 0.54849703
201100 146 0.54871776
201200 146 0.54897193
201300 146 0.54921273
201400 146 0.54944015
201500 146 0.54966757
201600 146 0.54991505
201700 146 0.55015585
201800 146 0.55038327
201900 146 0.55065082
202000 146 0.55090834
202100 146 0.55115917
202200 146 0.55141334
202300 146 0.55166417
202400 146 0.55190831
202500 146 0.55215580
202600 146 0.55239994
202700 146 0.55262735
202800 147 0.54904735
202900 147 0.54929315
203000 147 0.54956221
203100 147 0.54980137
203200 147 0.55005713
203300 147 0.55030293
203400 147 0.55053545
203500 147 0.55076796
203600 147 0.55100712
203700 147 0.55124628
203800 147 0.55151865
203900 147 0.55175781
204000 147 0.55202022
204100 147 0.55228263
204200 147 0.55252511
204300 147 0.55279749
204400 147 0.55303997
204500 147 0.55332895
204600 147 0.55357143
204700 147 0.55380727
204800 148 0.55021709
204900 148 0.55044143
205000 148 0.55068557
205100 148 0.55092641
205200 148 0.55117715
205300 148 0.55141470
205400 148 0.55164564
205500 148 0.55188978
205600 148 0.55215042
205700 148 0.55240446
205800 148 0.55264200
205900 148 0.55286964
206000 148 0.55311048
206100 148 0.55332823
206200 148 0.55356907
206300 148 0.55380661
206400 148 0.55406395
206500 148 0.55431799
206600 148 0.55454234
206700 148 0.55479637
206800 148 0.55504051
206900 149 0.55156774
207000 149 0.55179714
207100 149 0.55203964
207200 149 0.55226576
207300 149 0.55251481
207400 149 0.55276387
207500 149 0.55301620
207600 149 0.55324232
207700 149 0.55349137
207800 149 0.55373388
207900 149 0.55397310
208000 149 0.55420250
208100 149 0.55442861
208200 149 0.55467439
208300 149 0.55491034
208400 149 0.55515940
208500 149 0.55539534
208600 149 0.55564440
208700 149 0.55585413
208800 149 0.55608025
208900 150 0.55268880
209000 150 0.55291341
209100 150 0.55315430
209200 150 0.55341797
209300 150 0.55365560
209400 150 0.55389974
209500 150 0.55411784
209600 150 0.55437826
209700 150 0.55460286
209800 150 0.55483073
209900 150 0.55506510
210000 150 0.55528646
210100 150 0.55550781
210200 150 0.55574544
210300 150 0.55599284
210400 150 0.55623698
210500 150 0.55647461
210600 150 0.55671875
210700 150 0.55695964
210800 150 0.55721029
210900 150 0.55746419
211000 151 0.55392112
211100 151 0.55417012
211200 151 0.55438354
211300 151 0.55460666
211400 151 0.55483625
211500 151 0.55506584
211600 151 0.55527926
211700 151 0.55550885
211800 151 0.55576754
211900 151 0.55600683
212000 151 0.55622672
212100 151 0.55647248
212200 151 0.55669236
212300 151 0.55694782
212400 151 0.55719358
212500 151 0.55741993
212600 151 0.55764306
212700 151 0.55785971
212800 151 0.55810870
212900 151 0.55832536
213000 152 0.55488024
213100 152 0.55513723
213200 152 0.55536210
213300 152 0.55560945
213400 152 0.55583753
213500 152 0.55608810
213600 152 0.55634509
213700 152 0.55658923
213800 152 0.55680446
213900 152 0.55703575
214000 152 0.55726061
214100 152 0.55749190
214200 152 0.55772962
214300 152 0.55798661
214400 152 0.55821790
214500 152 0.55844919
214600 152 0.55864836
214700 152 0.55887965
214800 152 0.55910131
214900 152 0.55934545
215000 152 0.55955425
215100 153 0.55617149
215200 153 0.55638851
215300 153 0.55661190
215400 153 0.55684806
215500 153 0.55707465
215600 153 0.55730124
215700 153 0.55755336
215800 153 0.55778952
215900 153 0.55803845
216000 153 0.55826504
216100 153 0.55851397
216200 153 0.55877247
216300 153 0.55901182
216400 153 0.55926713
216500 153 0.55950010
216600 153 0.55972988
216700 153 0.55996604
216800 153 0.56019582
216900 153 0.56041922
217000 153 0.56065538
217100 154 0.55716695
217200 154 0.55739524
217300 154 0.55762670
217400 154 0.55785499
217500 154 0.55808327
217600 154 0.55830205
217700 154 0.55854302
217800 154 0.55872375
217900 154 0.55897423
218000 154 0.55918349
218100 154 0.55940861
218200 154 0.55963373
218300 154 0.55983982
218400 154 0.56005542
218500 154 0.56027737
218600 154 0.56048663
218700 154 0.56071175
218800 154 0.56097491
218900 154 0.56121588
219000 154 0.56144417
219100 154 0.56167880
219200 155 0.55837324
219300 155 0.55860005
219400 155 0.55880796
219500 155 0.55906313
219600 155 0.55930885
219700 155 0.55952306
219800 155 0.55974042
219900 155 0.55998614
220000 155 0.56023816
220100 155 0.56048702
220200 155 0.56070123
220300 155 0.56090600
220400 155 0.56112651
220500 155 0.56134703
220600 155 0.56158014
220700 155 0.56181641
220800 155 0.56204637
220900 155 0.56226689
221000 155 0.56249685
221100 155 0.56272996
221200 156 0.55910081
221300 156 0.55931991
221400 156 0.55956405
221500 156 0.55980819
221600 156 0.56003355
221700 156 0.56024639
221800 156 0.56046236
221900 156 0.56067834
222000 156 0.56091935
222100 156 0.56113219
222200 156 0.56137946
222300 156 0.56158917
222400 156 0.56183644
222500 156 0.56206180
222600 156 0.56227464
222700 156 0.56249687
222800 156 0.56271597
222900 156 0.56295698
223000 156 0.56321990
223100 156 0.56345465
223200 156 0.56367688
223300 157 0.56038204
223400 157 0.56060597
223500 157 0.56082056
223600 157 0.56105693
223700 157 0.56130262
223800 157 0.56154210
223900 157 0.56174736
224000 157 0.56198995
224100 157 0.56222320
224200 157 0.56245024
224300 157 0.56265239
224400 157 0.56289187
224500 157 0.56313134
224600 157 0.56337082
224700 157 0.56361030
224800 157 0.56384666
224900 157 0.56408614
225000 157 0.56430695
225100 157 0.56454332
225200 157 0.56478279
225300 158 0.56105370
225400 158 0.56128239
225500 158 0.56153271
225600 158 0.56176449
225700 158 0.56198391
225800 158 0.56220950
225900 158 0.56241656
226000 158 0.56263907
226100 158 0.56287394
226200 158 0.56309954
226300 158 0.56334059
226400 158 0.56357236
226500 158 0.56381032
226600 158 0.56403283
226700 158 0.56426152
226800 158 0.56448094
226900 158 0.56471272
227000 158 0.56492904
227100 158 0.56517628
227200 158 0.56540805
227300 158 0.56563674
227400 159 0.56225125
227500 159 0.56246929
227600 159 0.56269654
227700 159 0.56293300
227800 159 0.56314797
227900 159 0.56336908
228000 159 0.56360247
228100 159 0.56381744
228200 159 0.56403240
228300 159 0.56426580
228400 159 0.56449305
228500 159 0.56470494
228600 159 0.56493526
228700 159 0.56515330
228800 159 0.56536827
228900 159 0.56558938
229000 159 0.56582584
229100 159 0.56604695
229200 159 0.56626806
229300 159 0.56650452
229400 160 0.56308289
229500 160 0.56332397
229600 160 0.56355591
229700 160 0.56377563
229800 160 0.56405029
229900 160 0.56428223
230000 160 0.56452026
230100 160 0.56475525
230200 161 0.56150221
230300 161 0.56171754
230400 161 0.56193893
230500 161 0.56215729
230600 161 0.56236959
230700 161 0.56260918
230800 161 0.56283967
230900 161 0.56305500
231000 161 0.56329156
231100 161 0.56350992
231200 161 0.56372829
231300 161 0.56395271
231400 161 0.56419837
231500 162 0.56105625
231600 162 0.56128231
231700 162 0.56149932
231800 162 0.56174045
231900 162 0.56195747
232000 162 0.56219859
232100 162 0.56240656
232200 162 0.56263563
232300 162 0.56286470
232400 162 0.56309377
232500 162 0.56331682
232600 162 0.56353082
232700 162 0.56375989
232800 162 0.56396786
232900 162 0.56418487
233000 162 0.56438682
233100 162 0.56458273
233200 162 0.56481783
233300 162 0.56502580
233400 162 0.56523679
233500 162 0.56544476
233600 162 0.56565876
233700 163 0.56242211
233800 163 0.56266476
233900 163 0.56288044
234000 163 0.56310511
234100 163 0.56333577
234200 163 0.56356343
234300 163 0.56378211
234400 163 0.56401876
234500 163 0.56423445
234600 163 0.56444114
234700 163 0.56465083
234800 163 0.56486652
234900 163 0.56509718
235000 163 0.56533083
235100 163 0.56554352
235200 163 0.56576220
235300 163 0.56598387
235400 163 0.56620854
235500 163 0.56644819
235600 163 0.56671779
235700 163 0.56691550
235800 163 0.56714616
235900 163 0.56734986
236000 163 0.56756255
236100 163 0.56778422
236200 164 0.56456329
236300 164 0.56477765
236400 164 0.56500095
236500 164 0.56520937
236600 164 0.56540587
236700 164 0.56561130
236800 164 0.56581674
236900 164 0.56601920
237000 164 0.56623059
237100 164 0.56645091
237200 164 0.56669207
237300 164 0.56691537
237400 164 0.56712676
237500 164 0.56734411
237600 164 0.56771330
237700 164 0.56794553
237800 164 0.56816585
237900 164 0.56835640
238000 165 0.56513968
238100 165 0.56535275
238200 165 0.56556286
238300 165 0.56577000
238400 165 0.56600083
238500 165 0.56621982
238600 166 0.56301475
238700 166 0.56320301
238800 166 0.56343244
238900 166 0.56365599
239000 166 0.56388542
239100 166 0.56408838
239200 166 0.56429429
239300 166 0.56451195
239400 166 0.56470903
239500 166 0.56490905
239600 166 0.56512672
239700 166 0.56528850
239800 166 0.56550028
239900 166 0.56572972
240000 166 0.56596209
240100 166 0.56618270
240200 166 0.56640037
240300 166 0.56663568
240400 166 0.56683276
240500 166 0.56705337
240600 166 0.56727692
240700 166 0.56749165
240800 167 0.56431278
240900 167 0.56453792
241000 167 0.56476013
241100 167 0.56497649
241200 167 0.56520748
241300 167 0.56543261
241400 167 0.56565482
241500 167 0.56587996
241600 167 0.56609340
241700 167 0.56629514
241800 167 0.56650858
241900 167 0.56671325
242000 167 0.56694424
242100 167 0.56712844
242200 167 0.56732141
242300 167 0.56753193
242400 167 0.56774537
242500 167 0.56796173
242600 167 0.56818102
242700 167 0.56839446
242800 167 0.56861667
242900 167 0.56883304
243000 167 0.56906110
243100 168 0.56588890
243200 168 0.56609817
243300 168 0.56629581
243400 168 0.56649926
243500 168 0.56672886
243600 168 0.56696429
243700 168 0.56719971
243800 168 0.56753685
243900 168 0.56775193
244000 168 0.56798735
244100 168 0.56817918
244200 168 0.56839425
244300 168 0.56860061
244400 168 0.56879243
244500 168 0.56899879
244600 168 0.56920805
244700 168 0.56941150
244800 169 0.56623867
244900 169 0.56645537
245000 169 0.56666917
245100 169 0.56690320
245200 169 0.56711122
245300 169 0.56730480
245400 170 0.56418313
245500 170 0.56437270
245600 170 0.56457089
245700 170 0.56480354
245800 170 0.56502757
245900 170 0.56525735
246000 171 0.56216306
246100 171 0.56237150
246200 171 0.56257424
246300 171 0.56277127
246400 171 0.56298828
246500 171 0.56318816
246600 171 0.56337662
246700 172 0.56030557
246800 172 0.56051281
246900 172 0.56071721
247000 172 0.56092444
247100 172 0.56110897
247200 172 0.56129633
247300 172 0.56150924
247400 172 0.56170512
247500 172 0.56188681
247600 172 0.56209688
247700 172 0.56231264
247800 173 0.55926831
247900 173 0.55955902
248000 173 0.55974248
248100 173 0.55995134
248200 173 0.56016585
248300 174 0.55714294
248400 174 0.55736182
248500 174 0.55754703
248600 174 0.55775469
248700 174 0.55795113
248800 174 0.55816159
248900 175 0.55517299
249000 175 0.55537109
249100 175 0.55555246
249200 175 0.55577846
249300 175 0.55600725
249400 175 0.55622489
249500 175 0.55644810
249600 175 0.55666853
249700 175 0.55688058
249800 175 0.55707589
249900 176 0.55401889
250000 176 0.55421032
250100 176 0.55442394
250200 176 0.55461259
250300 176 0.55481789
250400 176 0.55501210
250500 176 0.55520630
250600 176 0.55540328
250700 176 0.55560858
250800 176 0.55578613
250900 176 0.55599976
251000 176 0.55618841
251100 176 0.55637984
251200 176 0.55657959
251300 176 0.55678212
251400 176 0.55699296
251500 176 0.55717607
251600 177 0.55422956
251700 177 0.55443922
251800 177 0.55464336
251900 177 0.55486681
252000 177 0.55521716
252100 178 0.55229821
252200 178 0.55249572
252300 178 0.55270694
252400 178 0.55290719
252500 178 0.55311293
252600 179 0.55021932
252700 179 0.55043754
252800 179 0.55062576
252900 179 0.55082490
253000 179 0.55101584
253100 179 0.55123407
253200 179 0.55143866
253300 179 0.55163506
253400 179 0.55184783
253500 179 0.55203878
253600 179 0.55225973
253700 179 0.55246978
253800 179 0.55266345
253900 180 0.54979655
254000 180 0.55015191
254100 180 0.55036079
254200 180 0.55055067
254300 180 0.55073785
254400 180 0.55093045
254500 181 0.54807547
254600 181 0.54828589
254700 181 0.54848552
254800 181 0.54868785
254900 181 0.54888478
255000 181 0.54910059
255100 181 0.54928134
255200 181 0.54948097
255300 181 0.54966980
255400 181 0.54986404
255500 181 0.55007176
255600 181 0.55029027
255700 181 0.55048990
255800 181 0.55069492
255900 181 0.55088106
256000 181 0.55124255
256100 181 0.55142869
256200 181 0.55162563
256300 183 0.54580772
256400 184 0.54303509
256500 184 0.54323412
256600 184 0.54340396
256700 184 0.54361095
256800 184 0.54380201
256900 184 0.54398777
257000 184 0.54418680
257100 184 0.54435929
257200 184 0.54456893
257300 184 0.54475735
257400 184 0.54494576
257500 184 0.54513152
257600 184 0.54534647
257700 184 0.54555080
257800 184 0.54576310
257900 184 0.54596213
258000 184 0.54616381
258100 184 0.54646633
258200 185 0.54368666
258300 185 0.54388725
258400 185 0.54409576
258500 185 0.54428315
258600 186 0.54155116
258700 186 0.54174542
258800 186 0.54193968
258900 186 0.54212870
259000 186 0.54232033
259100 186 0.54250410
259200 186 0.54270098
259300 186 0.54287424
259400 186 0.54307638
259500 186 0.54326277
259600 186 0.54344128
259700 186 0.54362242
259800 187 0.54090074
259900 187 0.54110179
260000 187 0.54131329
260100 188 0.53861058
260200 188 0.53880278
260300 188 0.53897679
260400 188 0.53915340
260500 188 0.53936118
260600 188 0.53955857
260700 188 0.53972739
260800 188 0.53990920
260900 188 0.54009880
261000 188 0.54029099
261100 188 0.54046241
261200 188 0.54065201
261300 188 0.54083901
261400 188 0.54102601
261500 188 0.54122340
261600 188 0.54141300
261700 188 0.54160000
261800 188 0.54180778
261900 188 0.54201037
262000 188 0.54222334
262100 188 0.54242593
262200 188 0.54264150
262300 188 0.54282590
262400 188 0.54300771
262500 188 0.54321029
262600 188 0.54338950
262700 188 0.54358689
262800 188 0.54376610
262900 188 0.54394531
263000 188 0.54415309
263100 189 0.54144707
263200 189 0.54163308
263300 189 0.54180101
263400 189 0.54200252
263500 189 0.54220145
263600 189 0.54238488
263700 189 0.54257606
263800 189 0.54275690
263900 189 0.54296100
264000 189 0.54315476
264100 189 0.54334077
264200 190 0.54063785
264300 190 0.54084344
264400 190 0.54103618
264500 190 0.54120837
264600 190 0.54140368
264700 190 0.54158357
264800 190 0.54179431
264900 190 0.54196649
265000 190 0.54216437
265100 190 0.54235454
265200 190 0.54252673
265300 190 0.54271947
265400 190 0.54289936
265500 190 0.54308440
265600 190 0.54325144
265700 190 0.54343390
265800 190 0.54362921
265900 190 0.54380654
266000 190 0.54400442
266100 190 0.54418174
266200 190 0.54436935
266300 191 0.54170587
266400 191 0.54188737
266500 191 0.54208166
266600 191 0.54226317
266700 191 0.54243701
266800 191 0.54260573
266900 191 0.54278724
267000 191 0.54297642
267100 191 0.54315281
267200 191 0.54332410
267300 191 0.54351839
267400 191 0.54371779
267500 191 0.54392230
267600 191 0.54410637
267700 191 0.54430066
267800 191 0.54449495
267900 191 0.54468413
268000 191 0.54487330
268100 191 0.54504203
268200 191 0.54520820
268300 192 0.54253133
268400 192 0.54272207
268500 192 0.54290009
268600 192 0.54307048
268700 192 0.54325104
268800 192 0.54343669
268900 192 0.54362742
269000 192 0.54380544
269100 192 0.54397583
269200 192 0.54415639
269300 192 0.54433695
269400 192 0.54454041
269500 192 0.54471588
269600 192 0.54490916
269700 192 0.54509226
269800 192 0.54527283
269900 192 0.54546102
270000 192 0.54563904
270100 192 0.54584249
270200 192 0.54602051
270300 192 0.54619598
270400 193 0.54355064
270500 193 0.54373533
270600 193 0.54392001
270700 193 0.54410470
270800 193 0.54429192
270900 193 0.54448166
271000 193 0.54466635
271100 193 0.54485104
271200 193 0.54501295
271300 193 0.54520017
271400 193 0.54538233
271500 193 0.54554930
271600 193 0.54573652
271700 193 0.54591109
271800 193 0.54609324
271900 193 0.54627540
272000 193 0.54646009
272100 193 0.54662453
272200 193 0.54681681
272300 193 0.54699391
272400 194 0.54435054
272500 194 0.54452420
272600 194 0.54470794
272700 194 0.54491936
272800 194 0.54510309
272900 194 0.54527928
273000 194 0.54545043
273100 194 0.54562661
273200 194 0.54580279
273300 194 0.54597143
273400 194 0.54613503
273500 194 0.54629359
273600 194 0.54648740
273700 194 0.54667113
273800 194 0.54685235
273900 194 0.54704615
274000 194 0.54722988
274100 195 0.54460136
274200 195 0.54478165
274300 196 0.54216657
274400 196 0.54232352
274500 197 0.53973915
274600 197 0.53990522
274700 197 0.54006633
274800 197 0.54022743
274900 197 0.54038359
275000 197 0.54054717
275100 197 0.54072811
275200 197 0.54090161
275300 197 0.54107015
275400 197 0.54125357
275500 197 0.54143203
275600 197 0.54160305
275700 197 0.54178151
275800 197 0.54195501
275900 197 0.54212603
276000 197 0.54231688
276100 197 0.54249534
276200 197 0.54267380
276300 197 0.54284730
276400 197 0.54303319
276500 198 0.54046816
276600 198 0.54063585
276700 198 0.54082820
276800 198 0.54098850
276900 198 0.54116112
277000 198 0.54134361
277100 198 0.54150637
277200 198 0.54168146
277300 199 0.53912630
277400 199 0.53929560
277500 199 0.53946981
277600 199 0.53964157
277700 199 0.53982559
277800 199 0.54000226
277900 199 0.54018138
278000 199 0.54036049
278100 199 0.54051508
278200 199 0.54069665
278300 199 0.54086840
278400 199 0.54105488
278500 199 0.54123155
278600 200 0.53871338
278700 200 0.53890869
278800 200 0.53905273
278900 200 0.53921875
279000 200 0.53939453
279100 200 0.53958252
279200 200 0.53975830
279300 200 0.53993164
279400 200 0.54008301
279500 200 0.54023926
279600 200 0.54039795
279700 200 0.54054932
279800 200 0.54073486
279900 200 0.54087402
280000 200 0.54104004
280100 200 0.54123291
280200 200 0.54141357
280300 200 0.54161865
280400 200 0.54179687
280500 200 0.54196045
280600 201 0.53944146
280700 201 0.53960908
280800 201 0.53977913
280900 201 0.53995890
281000 201 0.54013623
281100 201 0.54032572
281200 201 0.54048605
281300 201 0.54065124
281400 201 0.54082614
281500 201 0.54101320
281600 201 0.54118081
281700 201 0.54137758
281800 201 0.54155735
281900 201 0.54172740
282000 201 0.54188773
282100 201 0.54205292
282200 201 0.54224969
282300 201 0.54241488
282400 201 0.54256549
282500 201 0.54273797
282600 201 0.54291531
282700 202 0.54040406
282800 202 0.54058052
282900 202 0.54075940
283000 202 0.54093102
283100 202 0.54110748
283200 202 0.54125735
283300 202 0.54143864
283400 202 0.54162960
283500 202 0.54180123
283600 202 0.54196318
283700 202 0.54212997
283800 202 0.54231368
283900 202 0.54247563
284000 202 0.54264001
284100 202 0.54279471
284200 202 0.54296633
284300 202 0.54313070
284400 202 0.54329991
284500 202 0.54345945
284600 202 0.54362382
284700 203 0.54112386
284800 203 0.54128983
284900 203 0.54147023
285000 203 0.54164342
285100 203 0.54181900
285200 203 0.54200902
285300 203 0.54217018
285400 203 0.54234818
285500 204 0.53986673
285600 204 0.54005103
285700 204 0.54021379
285800 204 0.54037655
285900 204 0.54052974
286000 204 0.54069489
286100 204 0.54085765
286200 204 0.54102520
286300 204 0.54119993
286400 204 0.54134833
286500 204 0.54149194
286600 204 0.54164991
286700 204 0.54182943
286800 205 0.53934832
286900 205 0.53951267
287000 205 0.53966273
287100 205 0.53982946
287200 205 0.53999381
287300 205 0.54015339
287400 205 0.54032489
287500 205 0.54047971
287600 205 0.54063453
287700 205 0.54080840
287800 205 0.54096322
287900 205 0.54111566
288000 205 0.54128716
288100 205 0.54146341
288200 205 0.54163253
288300 205 0.54178258
288400 205 0.54194693
288500 205 0.54211366
288600 205 0.54227563
288700 205 0.54244236
288800 206 0.53997506
288900 206 0.54013861
289000 206 0.54031876
289100 206 0.54049416
289200 206 0.54065534
289300 206 0.54081415
289400 206 0.54098244
289500 206 0.54113651
289600 206 0.54130006
289700 206 0.54145887
289800 206 0.54163427
289900 206 0.54180019
290000 206 0.54198745
290100 206 0.54215100
290200 206 0.54231218
290300 206 0.54249232
290400 206 0.54265824
290500 206 0.54283838
290600 206 0.54298771
290700 206 0.54317260
290800 206 0.54334089
290900 207 0.54087174
291000 207 0.54104393
291100 207 0.54121377
291200 207 0.54138596
291300 207 0.54154872
291400 207 0.54171856
291500 207 0.54187896
291600 207 0.54203701
291700 207 0.54219269
291800 207 0.54235073
291900 207 0.54251113
292000 207 0.54267154
292100 207 0.54282486
292200 207 0.54299706
292300 207 0.54316218
292400 207 0.54333437
292500 207 0.54347354
292600 207 0.54363630
292700 207 0.54379199
292800 207 0.54395711
292900 208 0.54150156
293000 208 0.54169640
293100 208 0.54186307
293200 208 0.54202975
293300 208 0.54218938
293400 208 0.54237014
293500 208 0.54253446
293600 208 0.54269409
293700 208 0.54285137
293800 208 0.54301570
293900 208 0.54318237
294000 208 0.54335609
294100 208 0.54352511
294200 208 0.54368004
294300 208 0.54383733
294400 208 0.54399226
294500 208 0.54416363
294600 208 0.54430213
294700 208 0.54445707
294800 208 0.54464487
294900 208 0.54480919
295000 209 0.54235665
295100 209 0.54252252
295200 209 0.54267905
295300 209 0.54284726
295400 209 0.54299912
295500 209 0.54316032
295600 209 0.54331452
295700 209 0.54347572
295800 209 0.54364160
295900 209 0.54376075
296000 209 0.54393830
296100 209 0.54409483
296200 209 0.54425604
296300 209 0.54442892
296400 209 0.54459947
296500 209 0.54475133
296600 209 0.54492188
296700 209 0.54509476
296800 209 0.54526297
296900 209 0.54542184
297000 209 0.54559005
297100 209 0.54574424
297200 209 0.54590778
297300 209 0.54606431
297400 210 0.54360119
297500 210 0.54376395
297600 210 0.54392671
297700 210 0.54406622
297800 210 0.54424293
297900 210 0.54440104
298000 210 0.54454288
298100 210 0.54470331
298200 210 0.54487305
298300 210 0.54503348
298400 210 0.54519392
298500 210 0.54534970
298600 210 0.54549619
298700 210 0.54566127
298800 210 0.54583798
298900 210 0.54599144
299000 210 0.54613328
299100 211 0.54372778
299200 211 0.54387589
299300 211 0.54404019
299400 211 0.54419755
299500 211 0.54438268
299600 211 0.54453310
299700 211 0.54467658
299800 211 0.54483625
299900 211 0.54500056
300000 211 0.54515560
300100 211 0.54531296
300200 211 0.54547958
300300 211 0.54564157
300400 211 0.54578273
300500 211 0.54592852
300600 211 0.54607431
300700 211 0.54622242
300800 211 0.54637746
300900 211 0.54653482
301000 211 0.54669681
301100 211 0.54687037
301200 211 0.54702542
301300 211 0.54719204
301400 211 0.54733783
301500 211 0.54749287
301600 211 0.54764098
301700 211 0.54780528
301800 211 0.54793950
301900 211 0.54808760
302000 212 0.54565890
302100 212 0.54580170
302200 212 0.54595371
302300 212 0.54611264
302400 212 0.54626925
302500 212 0.54640745
302600 212 0.54656637
302700 212 0.54671838
302800 212 0.54687270
302900 212 0.54704774
303000 212 0.54719745
303100 212 0.54735867
303200 212 0.54752220
303300 212 0.54768343
303400 213 0.54527261
303500 213 0.54542162
303600 213 0.54556145
303700 213 0.54571275
303800 213 0.54585717
303900 213 0.54601535
304000 213 0.54615748
304100 213 0.54631565
304200 213 0.54647154
304300 213 0.54663659
304400 213 0.54678789
304500 213 0.54693919
304600 213 0.54707673
304700 213 0.54721886
304800 213 0.54736099
304900 213 0.54751458
305000 213 0.54766588
305100 213 0.54783093
305200 213 0.54796389
305300 213 0.54810143
305400 213 0.54825044
305500 213 0.54839257
305600 213 0.54854845
305700 213 0.54870663
305800 213 0.54887168
305900 213 0.54901610
306000 214 0.54660348
306100 214 0.54676548
306200 214 0.54692292
306300 214 0.54707807
306400 215 0.54467433
306500 216 0.54230188
306600 216 0.54246238
306700 216 0.54261158
306800 216 0.54275174
306900 216 0.54291224
307000 216 0.54304787
307100 216 0.54321063
307200 217 0.54086037
307300 218 0.53851374
307400 218 0.53867053
307500 218 0.53880716
307600 218 0.53896619
307700 218 0.53911626
307800 218 0.53926632
307900 218 0.53941863
308000 218 0.53956646
308100 218 0.53970085
308200 218 0.53984644
308300 218 0.54000547
308400 218 0.54015329
308500 218 0.54029216
308600 218 0.54045119
308700 218 0.54060574
308800 218 0.54075133
308900 218 0.54089915
309000 218 0.54105818
309100 218 0.54121945
309200 218 0.54137848
309300 218 0.54150391
309400 218 0.54163382
309500 218 0.54177045
309600 218 0.54190707
309700 219 0.53957754
309800 220 0.53727362
309900 220 0.53743564
310000 220 0.53757546
310100 220 0.53773526
310200 220 0.53787953
310300 220 0.53802601
310400 220 0.53817694
310500 220 0.53831232
310600 220 0.53845215
310700 220 0.53860085
310800 220 0.53872070
310900 221 0.53642667
311000 221 0.53656365
311100 221 0.53669180
311200 221 0.53684204
311300 221 0.53698786
311400 221 0.53712705
311500 221 0.53727287
311600 221 0.53741207
311700 221 0.53756893
311800 222 0.53530801
311900 222 0.53544878
312000 222 0.53559614
312100 222 0.53573911
312200 222 0.53587108
312300 222 0.53600964
312400 222 0.53615701
312500 223 0.53389942
312600 223 0.53404612
312700 223 0.53419720
312800 223 0.53433296
312900 223 0.53449061
313000 223 0.53464607
313100 223 0.53478840
313200 223 0.53493072
313300 223 0.53508837
313400 223 0.53524164
313500 224 0.53298514
313600 224 0.53313337
313700 224 0.53326198
313800 225 0.53103950
313900 225 0.53120877
314000 225 0.53134766
314100 225 0.53150174
314200 225 0.53166016
314300 225 0.53180990
314400 225 0.53195530
314500 225 0.53209852
314600 225 0.53224826
314700 225 0.53238715
314800 225 0.53252604
314900 225 0.53265625
315000 225 0.53280382
315100 225 0.53295139
315200 225 0.53309896
315300 225 0.53323134
315400 225 0.53334852
315500 225 0.53349175
315600 225 0.53361979
315700 226 0.53139043
315800 226 0.53153303
315900 226 0.53166698
316000 227 0.52946681
316100 227 0.52960017
316200 227 0.52972708
316300 227 0.52986689
316400 227 0.52999596
316500 227 0.53014223
316600 227 0.53029065
316700 227 0.53044337
316800 227 0.53059179
316900 227 0.53072515
317000 227 0.53085636
317100 227 0.53102845
317200 227 0.53117041
317300 227 0.53131668
317400 227 0.53145865
317500 227 0.53157911
317600 227 0.53171462
317700 227 0.53185444
317800 227 0.53200286
317900 227 0.53215558
318000 228 0.52995862
318100 228 0.53008712
318200 228 0.53021561
318300 228 0.53035053
318400 228 0.53047903
318500 228 0.53062252
318600 228 0.53077671
318700 228 0.53091805
318800 228 0.53105726
318900 228 0.53119004
319000 228 0.53133352
319100 228 0.53146844
319200 228 0.53158837
319300 228 0.53171901
319400 228 0.53186892
319500 228 0.53199099
319600 228 0.53213662
319700 228 0.53227154
319800 229 0.53007301
319900 229 0.53020521
320000 229 0.53034807
320100 229 0.53046960
320200 229 0.53060393
320300 229 0.53073826
320400 229 0.53087686
320500 229 0.53100266
320600 229 0.53114765
320700 229 0.53129051
320800 229 0.53142484
320900 229 0.53154851
321000 229 0.53168924
321100 229 0.53182784
321200 229 0.53196643
321300 229 0.53210503
321400 229 0.53223083
321500 229 0.53236516
321600 229 0.53249309
321700 229 0.53263382
321800 229 0.53278094
321900 230 0.53061736
322000 230 0.53076809
322100 231 0.52862681
322200 232 0.52646400
322300 232 0.52661554
322400 232 0.52675445
322500 232 0.52688704
322600 232 0.52700490
322700 232 0.52715012
322800 232 0.52728482
322900 232 0.52741320
323000 232 0.52756053
323100 232 0.52767629
323200 232 0.52781519
323300 232 0.52796252
323400 232 0.52811406
323500 232 0.52825507
323600 232 0.52837082
323700 232 0.52853078
323800 233 0.52640700
323900 233 0.52653903
324000 233 0.52666267
324100 233 0.52681356
324200 235 0.52247340
324300 235 0.52261469
324400 235 0.52274352
324500 235 0.52287234
324600 235 0.52300947
324700 235 0.52314453
324800 236 0.52106644
324900 236 0.52120092
325000 236 0.52132506
325100 236 0.52145541
325200 236 0.52156920
325300 236 0.52169127
325400 236 0.52182990
325500 236 0.52196852
325600 236 0.52210093
325700 236 0.52225611
325800 236 0.52238438
325900 236 0.52251680
326000 236 0.52263887
326100 237 0.52056138
326200 237 0.52068087
326300 237 0.52082097
326400 237 0.52094253
326500 237 0.52105790
326600 237 0.52120006
326700 237 0.52133810
326800 237 0.52146171
326900 237 0.52162035
327000 237 0.52176251
327100 237 0.52188200
327200 237 0.52202004
327300 238 0.51995798
327400 238 0.52008929
327500 238 0.52023495
327600 238 0.52036830
327700 238 0.52050166
327800 239 0.51844436
327900 239 0.51859146
328000 239 0.51871813
328100 239 0.51884888
328200 239 0.51898168
328300 239 0.51911652
328400 239 0.51926157
328500 239 0.51939232
328600 240 0.51737671
328700 240 0.51751506
328800 240 0.51765951
328900 240 0.51779785
329000 240 0.51793213
329100 240 0.51805420
329200 240 0.51818848
329300 240 0.51831462
329400 240 0.51845093
329500 240 0.51858927
329600 240 0.51871338
329700 240 0.51883952
329800 241 0.51681025
329900 241 0.51693586
330000 241 0.51706148
330100 241 0.51720128
330200 241 0.51734108
330300 241 0.51748087
330400 241 0.51761054
330500 241 0.51774629
330600 241 0.51786785
330700 241 0.51798131
330800 241 0.51812516
330900 241 0.51824875
331000 241 0.51840071
331100 241 0.51852227
331200 241 0.51864586
331300 241 0.51876742
331400 241 0.51889304
331500 241 0.51901663
331600 241 0.51916656
331700 241 0.51931649
331800 242 0.51728960
331900 242 0.51741873
332000 242 0.51753575
332100 242 0.51766690
332200 242 0.51780814
332300 242 0.51794534
332400 242 0.51809465
332500 242 0.51822177
332600 243 0.51622179
332700 244 0.51424420
332800 244 0.51436828
332900 244 0.51448034
333000 244 0.51460441
333100 244 0.51473249
333200 244 0.51485456
333300 244 0.51498463
333400 244 0.51511070
333500 244 0.51523478
333600 244 0.51536685
333700 244 0.51551093
333800 244 0.51563100
333900 244 0.51575708
334000 244 0.51588915
334100 244 0.51600522
334200 244 0.51613930
334300 244 0.51626937
334400 244 0.51640345
334500 244 0.51651952
334600 244 0.51664359
334700 244 0.51676766
334800 244 0.51690374
334900 244 0.51703581
335000 244 0.51716589
335100 245 0.51517658
335200 245 0.51531409
335300 245 0.51543567
335400 245 0.51557916
335500 245 0.51570871
335600 245 0.51583825
335700 245 0.51597975
335800 245 0.51610730
335900 245 0.51624880
336000 246 0.51429513
336100 246 0.51442613
336200 246 0.51455713
336300 246 0.51467821
336400 246 0.51481517
336500 246 0.51493823
336600 246 0.51506725
336700 246 0.51519627
336800 246 0.51532330
336900 246 0.51545033
337000 246 0.51556942
337100 246 0.51570638
337200 246 0.51583937
337300 246 0.51598625
337400 246 0.51611527
337500 246 0.51624825
337600 246 0.51638323
337700 246 0.51651423
337800 246 0.51662935
337900 246 0.51675440
338000 246 0.51691517
338100 246 0.51704618
338200 246 0.51717321
338300 247 0.51521975
338400 247 0.51534231
338500 247 0.51546883
338600 248 0.51353405
338700 248 0.51365022
338800 249 0.51171483
338900 249 0.51183641
339000 249 0.51195407
339100 249 0.51209526
339200 249 0.51221488
339300 249 0.51234038
339400 249 0.51247372
339500 249 0.51260707
339600 249 0.51273453
339700 249 0.51287180
339800 249 0.51299142
339900 249 0.51311692
340000 250 0.51119141
340100 250 0.51131445
340200 250 0.51144336
340300 250 0.51157617
340400 250 0.51171094
340500 250 0.51184180
340600 250 0.51196484
340700 250 0.51210742
340800 250 0.51222656
340900 250 0.51235156
341000 250 0.51248047
341100 250 0.51260547
341200 250 0.51272266
341300 250 0.51285352
341400 250 0.51299805
341500 250 0.51312695
341600 250 0.51325977
341700 250 0.51339258
341800 250 0.51351758
341900 250 0.51363867
342000 250 0.51376172
342100 250 0.51388281
342200 250 0.51401953
342300 250 0.51414648
342400 250 0.51428320
342500 250 0.51440625
342600 250 0.51453320
342700 250 0.51466406
342800 251 0.51275367
342900 251 0.51288401
343000 251 0.51301629
343100 251 0.51315830
343200 251 0.51327308
343300 251 0.51340925
343400 251 0.51354154
343500 252 0.51163349
343600 252 0.51175750
343700 252 0.51189120
343800 252 0.51200939
343900 252 0.51212953
344000 252 0.51226128
344100 252 0.51236010
344200 252 0.51248217
344300 252 0.51262362
344400 252 0.51274763
344500 252 0.51288714
344600 252 0.51300727
344700 252 0.51311771
344800 252 0.51325916
344900 252 0.51337542
345000 252 0.51350911
345100 252 0.51363700
345200 252 0.51377651
345300 252 0.51389470
345400 252 0.51403421
345500 253 0.51213755
345600 253 0.51226493
345700 253 0.51237880
345800 253 0.51249267
345900 253 0.51261618
346000 253 0.51276672
346100 253 0.51289796
346200 253 0.51301569
346300 254 0.51110744
346400 254 0.51124200
346500 254 0.51138618
346600 254 0.51153036
346700 254 0.51167069
346800 254 0.51180333
346900 254 0.51192444
347000 254 0.51203979
347100 254 0.51217051
347200 254 0.51230699
347300 254 0.51242041
347400 254 0.51253768
347500 254 0.51266071
347600 255 0.51079006
347700 255 0.51091261
347800 255 0.51104282
347900 255 0.51117494
348000 255 0.51128791
348100 255 0.51140280
348200 255 0.51152344
348300 255 0.51166131
348400 255 0.51179534
348500 256 0.50992584
348600 256 0.51007080
348700 256 0.51020813
348800 256 0.51033401
348900 256 0.51045036
349000 256 0.51056671
349100 257 0.50870737
349200 257 0.50883656
349300 257 0.50897716
349400 257 0.50910255
349500 257 0.50922795
349600 258 0.50738667
349700 258 0.50752105
349800 258 0.50765542
349900 259 0.50583487
350000 259 0.50594421
350100 259 0.50607995
350200 259 0.50620061
350300 259 0.50630430
350400 259 0.50644003
350500 260 0.50462553
350600 260 0.50474384
350700 260 0.50486215
350800 260 0.50499737
350900 260 0.50509878
351000 260 0.50522649
351100 260 0.50534668
351200 260 0.50547814
351300 260 0.50560397
351400 260 0.50574106
351500 260 0.50586689
351600 260 0.50599647
351700 260 0.50612042
351800 260 0.50623122
351900 260 0.50636268
352000 260 0.50648287
352100 261 0.50467515
352200 261 0.50480237
352300 261 0.50493332
352400 261 0.50506428
352500 261 0.50517653
352600 261 0.50530749
352700 261 0.50543283
352800 261 0.50557127
352900 261 0.50568913
353000 261 0.50581260
353100 261 0.50593982
353200 261 0.50604646
353300 261 0.50616245
353400 261 0.50628405
353500 261 0.50640191
353600 261 0.50651977
353700 261 0.50663950
353800 261 0.50676859
353900 262 0.50496109
354000 262 0.50510832
354100 262 0.50522945
354200 262 0.50535991
354300 262 0.50549223
354400 263 0.50367603
354500 263 0.50379114
354600 263 0.50392110
354700 263 0.50403992
354800 263 0.50417174
354900 263 0.50430170
355000 263 0.50442238
355100 263 0.50454491
355200 263 0.50467859
355300 263 0.50480298
355400 264 0.50302032
355500 264 0.50316088
355600 264 0.50329960
355700 264 0.50342537
355800 264 0.50354559
355900 264 0.50367321
356000 264 0.50379528
356100 264 0.50393029
356200 264 0.50405051
356300 264 0.50417628
356400 264 0.50431870
356500 264 0.50443152
356600 264 0.50455729
356700 264 0.50467011
356800 264 0.50480883
356900 264 0.50491610
357000 264 0.50503448
357100 264 0.50516764
357200 265 0.50338480
357300 266 0.50162271
357400 266 0.50175304
357500 266 0.50187052
357600 266 0.50199718
357700 266 0.50212200
357800 266 0.50225601
357900 266 0.50237899
358000 266 0.50250015
358100 266 0.50262313
358200 266 0.50274429
358300 266 0.50285443
358400 266 0.50298476
358500 266 0.50310407
358600 266 0.50321972
358700 267 0.50146301
358800 267 0.50158554
358900 267 0.50170624
359000 267 0.50184523
359100 267 0.50198239
359200 267 0.50211040
359300 267 0.50224573
359400 267 0.50236826
359500 267 0.50248895
359600 267 0.50261514
359700 267 0.50272669
359800 267 0.50284922
359900 267 0.50296992
360000 267 0.50310159
360100 267 0.50321863
360200 267 0.50333567
360300 267 0.50345637
360400 267 0.50358256
360500 267 0.50371789
360600 267 0.50384590
360700 267 0.50397574
360800 267 0.50409278
360900 267 0.50420983
361000 267 0.50432687
361100 268 0.50256894
361200 269 0.50081138
361300 269 0.50094570
361400 269 0.50107277
361500 269 0.50119983
361600 269 0.50132508
361700 269 0.50145395
361800 269 0.50156468
361900 269 0.50168448
362000 269 0.50181336
362100 269 0.50193497
362200 269 0.50206385
362300 269 0.50218728
362400 269 0.50231797
362500 270 0.50058413
362600 270 0.50069444
362700 270 0.50082465
362800 270 0.50095667
362900 270 0.50107241
363000 270 0.50118273
363100 270 0.50130389
363200 270 0.50143229
363300 270 0.50154984
363400 270 0.50167824
363500 270 0.50180302
363600 270 0.50192057
363700 270 0.50204174
363800 270 0.50215025
363900 270 0.50226960
364000 270 0.50239258
364100 270 0.50250832
364200 270 0.50261683
364300 270 0.50273076
364400 270 0.50286458
364500 270 0.50299841
364600 271 0.50125043
364700 271 0.50137656
364800 271 0.50149367
364900 271 0.50161980
365000 271 0.50174592
365100 271 0.50186484
365200 271 0.50197835
365300 271 0.50210087
365400 271 0.50220537
365500 271 0.50233330
365600 271 0.50245582
365700 271 0.50259276
365800 271 0.50269726
365900 271 0.50281978
366000 271 0.50293509
366100 271 0.50304860
366200 271 0.50315671
366300 271 0.50327383
366400 271 0.50340716
366500 271 0.50351887
366600 272 0.50178079
366700 272 0.50189209
366800 272 0.50201057
366900 272 0.50212366
367000 272 0.50223676
367100 272 0.50235703
367200 272 0.50247551
367300 272 0.50259399
367400 272 0.50270350
367500 272 0.50283454
367600 272 0.50295482
367700 272 0.50308228
367800 272 0.50320435
367900 272 0.50330846
368000 272 0.50341438
368100 272 0.50353645
368200 272 0.50364416
368300 272 0.50375187
368400 272 0.50388471
368500 272 0.50401037
368600 272 0.50413244
368700 273 0.50240027
368800 273 0.50253084
368900 273 0.50264888
369000 273 0.50277229
369100 273 0.50290644
369200 273 0.50301733
369300 273 0.50313537
369400 273 0.50325163
369500 273 0.50337147
369600 273 0.50350203
369700 273 0.50360935
369800 273 0.50372382
369900 273 0.50385438
370000 273 0.50397779
370100 273 0.50409226
370200 273 0.50421567
370300 273 0.50434445
370400 273 0.50446071
370500 273 0.50458591
370600 273 0.50470753
370700 274 0.50297780
370800 274 0.50309720
370900 274 0.50321838
371000 274 0.50334847
371100 275 0.50163352
371200 275 0.50174538
371300 275 0.50185547
371400 275 0.50196555
371500 275 0.50208984
371600 275 0.50222479
371700 275 0.50235440
371800 275 0.50246449
371900 275 0.50257990
372000 275 0.50268999
372100 275 0.50280540
372200 275 0.50292259
372300 275 0.50304332
372400 275 0.50315163
372500 275 0.50325107
372600 275 0.50336648
372700 275 0.50349077
372800 276 0.50178506
372900 276 0.50188944
373000 276 0.50201151
373100 276 0.50213535
373200 276 0.50225919
373300 276 0.50239187
373400 276 0.50251394
373500 276 0.50262540
373600 276 0.50273862
373700 276 0.50287308
373800 276 0.50298276
373900 276 0.50310660
374000 276 0.50321806
374100 276 0.50335428
374200 276 0.50348520
374300 276 0.50360373
374400 276 0.50371695
374500 276 0.50385318
374600 276 0.50395932
374700 276 0.50408139
374800 277 0.50239205
374900 277 0.50250134
375000 277 0.50263002
375100 277 0.50273579
375200 277 0.50285741
375300 277 0.50296494
375400 277 0.50308833
375500 277 0.50322583
375600 277 0.50334393
375700 277 0.50346733
375800 277 0.50357309
375900 277 0.50368238
376000 277 0.50380577
376100 277 0.50391683
376200 277 0.50404727
376300 277 0.50416361
376400 277 0.50428172
376500 277 0.50439982
376600 277 0.50450382
376700 277 0.50463074
376800 277 0.50475589
376900 278 0.50306493
377000 278 0.50317734
377100 278 0.50329502
377200 278 0.50340216
377300 278 0.50351633
377400 278 0.50363401
377500 278 0.50376398
377600 278 0.50389044
377700 278 0.50400461
377800 278 0.50412404
377900 278 0.50423821
378000 278 0.50436292
378100 278 0.50448938
378200 278 0.50460530
378300 278 0.50472649
378400 278 0.50483715
378500 278 0.50497239
378600 278 0.50508831
378700 278 0.50521477
378800 278 0.50533070
378900 279 0.50364373
379000 279 0.50376099
379100 279 0.50386950
379200 279 0.50398325
379300 279 0.50408301
379400 279 0.50421777
379500 279 0.50432103
379600 279 0.50444703
379700 279 0.50456429
379800 279 0.50469380
379900 279 0.50481281
380000 279 0.50491781
380100 279 0.50503682
380200 279 0.50514883
380300 279 0.50526259
380400 279 0.50536059
380500 279 0.50546210
380600 279 0.50557586
380700 279 0.50570887
380800 279 0.50582437
380900 279 0.50595213
381000 280 0.50424630
381100 280 0.50437186
381200 280 0.50449568
381300 280 0.50461600
381400 280 0.50473982
381500 280 0.50486189
381600 280 0.50497872
381700 280 0.50508510
381800 280 0.50520543
381900 281 0.50352570
382000 281 0.50364213
382100 281 0.50376898
382200 281 0.50387845
382300 281 0.50398618
382400 281 0.50411998
382500 281 0.50422598
382600 281 0.50434935
382700 281 0.50447273
382800 281 0.50460305
382900 281 0.50472469
383000 282 0.50306128
383100 282 0.50318595
383200 282 0.50330369
383300 282 0.50341451
383400 282 0.50353571
383500 282 0.50365518
383600 282 0.50377812
383700 282 0.50390106
383800 282 0.50402399
383900 282 0.50414866
384000 282 0.50426640
384100 282 0.50436683
384200 282 0.50447764
384300 282 0.50459885
384400 282 0.50472698
384500 282 0.50483779
384600 282 0.50495380
384700 282 0.50507674
384800 282 0.50519794
384900 282 0.50530530
385000 282 0.50542477
385100 283 0.50375614
385200 283 0.50388209
385300 283 0.50399597
385400 283 0.50411502
385500 283 0.50424270
385600 283 0.50435657
385700 283 0.50447217
385800 283 0.50458260
385900 283 0.50471027
386000 283 0.50483278
386100 283 0.50497253
386200 283 0.50509503
386300 283 0.50520891
386400 283 0.50530553
386500 283 0.50542631
386600 283 0.50554536
386700 283 0.50566268
386800 283 0.50578691
386900 283 0.50590078
387000 283 0.50600086
387100 284 0.50433608
387200 284 0.50445127
387300 284 0.50457162
387400 284 0.50468337
387500 284 0.50478997
387600 284 0.50491032
387700 284 0.50503239
387800 284 0.50514930
387900 284 0.50525762
388000 284 0.50537797
388100 284 0.50549316
388200 284 0.50561352
388300 284 0.50573215
388400 284 0.50584046
388500 284 0.50596081
388600 284 0.50607773
388700 284 0.50618604
388800 284 0.50631327
388900 284 0.50643018
389000 284 0.50655225
389100 285 0.50489481
389200 286 0.50324553
389300 286 0.50335651
389400 286 0.50347602
389500 286 0.50359553
389600 286 0.50370991
389700 286 0.50383284
389800 286 0.50395064
389900 286 0.50406332
390000 286 0.50418454
390100 286 0.50430063
390200 286 0.50442185
390300 286 0.50451746
390400 286 0.50463696
390500 286 0.50476160
390600 286 0.50489306
390700 286 0.50500915
390800 286 0.50510817
390900 286 0.50522085
391000 286 0.50534036
391100 286 0.50545134
391200 287 0.50380587
391300 287 0.50394028
391400 287 0.50406447
391500 287 0.50419037
391600 287 0.50430266
391700 287 0.50443196
391800 287 0.50455786
391900 287 0.50468376
392000 287 0.50480115
392100 287 0.50490493
392200 287 0.50501892
392300 287 0.50514992
392400 287 0.50527072
392500 287 0.50538641
392600 287 0.50549699
392700 287 0.50562119
392800 287 0.50574709
392900 287 0.50586278
393000 287 0.50598697
393100 287 0.50610777
393200 287 0.50623197
393300 288 0.50460137
393400 288 0.50471666
393500 288 0.50483534
393600 288 0.50495402
393700 288 0.50507440
393800 288 0.50518799
393900 288 0.50531514
394000 288 0.50543043
394100 288 0.50554233
394200 288 0.50566101
394300 288 0.50578817
394400 288 0.50590515
394500 288 0.50603061
394600 288 0.50615946
394700 288 0.50628662
394800 288 0.50642395
394900 288 0.50654263
395000 288 0.50666979
395100 288 0.50678847
395200 288 0.50690715
395300 288 0.50701904
395400 288 0.50714281
395500 288 0.50726149
395600 288 0.50735813
395700 288 0.50748867
395800 288 0.50760735
395900 288 0.50772603
396000 288 0.50784641
396100 288 0.50797356
396200 288 0.50809564
396300 288 0.50820923
396400 289 0.50657744
396500 289 0.50669739
396600 289 0.50681397
396700 289 0.50692379
396800 289 0.50703530
396900 289 0.50715695
397000 289 0.50726339
397100 289 0.50738504
397200 289 0.50748642
397300 289 0.50759962
397400 290 0.50597555
397500 290 0.50609510
397600 290 0.50619949
397700 290 0.50632240
397800 290 0.50643521
397900 290 0.50654970
398000 290 0.50666925
398100 290 0.50678711
398200 290 0.50690329
398300 290 0.50700936
398400 290 0.50712386
398500 290 0.50724508
398600 290 0.50735621
398700 290 0.50745723
398800 290 0.50757341
398900 290 0.50768454
399000 290 0.50779566
399100 290 0.50791352
399200 290 0.50802802
399300 290 0.50813746
399400 290 0.50825700
399500 290 0.50835971
399600 290 0.50847589
399700 291 0.50684265
399800 291 0.50695843
399900 291 0.50706917
400000 291 0.50718998
400100 291 0.50730912
400200 291 0.50740812
400300 291 0.50752222
400400 291 0.50763799
400500 291 0.50775377
400600 291 0.50786955
400700 291 0.50798029
400800 291 0.50810446
400900 291 0.50823199
401000 291 0.50834944
401100 291 0.50847697
401200 291 0.50859946
401300 291 0.50871691
401400 291 0.50885115
401500 291 0.50896692
401600 291 0.50908774
401700 291 0.50919345
401800 291 0.50928741
401900 291 0.50938977
402000 291 0.50951226
402100 291 0.50963475
402200 291 0.50976059
402300 292 0.50812855
402400 292 0.50825062
402500 292 0.50836934
402600 292 0.50848974
402700 292 0.50860345
402800 292 0.50871381
402900 292 0.50882251
403000 292 0.50894458
403100 292 0.50907334
403200 292 0.50919373
403300 292 0.50932082
403400 292 0.50943453
403500 292 0.50955994
403600 292 0.50967031
403700 292 0.50978402
403800 292 0.50989773
403900 292 0.51001144
404000 292 0.51014020
404100 292 0.51026896
404200 292 0.51040106
404300 292 0.51051644
404400 292 0.51064353
404500 293 0.50902070
404600 293 0.50913236
404700 293 0.50925401
404800 293 0.50936400
404900 293 0.50948232
405000 293 0.50959231
405100 293 0.50970896
405200 293 0.50983228
405300 293 0.50995061
405400 293 0.51007393
405500 293 0.51019391
405600 293 0.51032057
405700 293 0.51045055
405800 293 0.51055387
405900 293 0.51066886
406000 293 0.51079552
406100 293 0.51090384
406200 293 0.51102382
406300 294 0.50940689
406400 294 0.50952813
406500 294 0.50963608
406600 294 0.50976064
406700 294 0.50988520
406800 294 0.50998817
406900 294 0.51011606
407000 294 0.51022235
407100 294 0.51034359
407200 294 0.51045819
407300 294 0.51057777
407400 294 0.51070233
407500 294 0.51081859
407600 294 0.51091823
407700 294 0.51103781
407800 294 0.51115573
407900 294 0.51125206
408000 294 0.51137164
408100 294 0.51149454
408200 294 0.51161080
408300 294 0.51173868
408400 295 0.51011653
408500 295 0.51023735
408600 295 0.51036149
408700 295 0.51048729
408800 295 0.51060315
408900 295 0.51073226
409000 295 0.51085309
409100 295 0.51097888
409200 295 0.51109474
409300 295 0.51121557
409400 295 0.51132316
409500 295 0.51144399
409600 295 0.51157475
409700 295 0.51169061
409800 295 0.51181310
409900 295 0.51193061
410000 295 0.51206303
410100 295 0.51218882
410200 295 0.51230965
410300 295 0.51243710
410400 295 0.51255462
410500 295 0.51268042
410600 295 0.51278800
410700 295 0.51289725
410800 296 0.51128985
410900 296 0.51139873
411000 296 0.51150265
411100 296 0.51161812
411200 296 0.51174844
411300 296 0.51186721
411400 296 0.51198763
411500 296 0.51210641
411600 296 0.51222353
411700 296 0.51232745
411800 296 0.51245612
411900 297 0.51085563
412000 297 0.51096249
412100 297 0.51107264
412200 297 0.51118772
412300 297 0.51129787
412400 297 0.51142118
412500 297 0.51153955
412600 297 0.51164806
412700 297 0.51176150
412800 297 0.51187165
412900 297 0.51199331
413000 297 0.51209852
413100 297 0.51222347
413200 297 0.51234513
413300 297 0.51245528
413400 297 0.51257530
413500 297 0.51269531
413600 297 0.51281040
413700 297 0.51290739
413800 298 0.51130584
413900 298 0.51141071
414000 298 0.51152213
414100 298 0.51163519
414200 298 0.51175807
414300 298 0.51187441
414400 298 0.51200385
414500 298 0.51211200
414600 298 0.51223652
414700 298 0.51235778
414800 298 0.51246920
414900 298 0.51257242
This item is represented 16 times in the filter. Both buckets filled by the same fingerprint - cuckoo not possible
Params: 0x55fd7b873730 136 132 187 00000000000000000000000001101000 1

Bucket full or something, error: Bucket capacity reached
