100 16 0.00305176
200 16 0.00610352
300 16 0.00915527
400 16 0.01220703
500 16 0.01522827
600 16 0.01824951
700 16 0.02130127
800 16 0.02435303
900 16 0.02740479
1000 16 0.03045654
1100 16 0.03350830
1200 16 0.03656006
1300 16 0.03958130
1400 16 0.04263306
1500 16 0.04568481
1600 16 0.04867554
1700 16 0.05172729
1800 16 0.05468750
1900 16 0.05773926
2000 16 0.06079102
2100 16 0.06381226
2200 16 0.06686401
2300 16 0.06988525
2400 16 0.07290649
2500 16 0.07592773
2600 16 0.07897949
2700 16 0.08203125
2800 16 0.08505249
2900 16 0.08807373
3000 16 0.09106445
3100 16 0.09405518
3200 16 0.09704590
3300 16 0.10009766
3400 16 0.10311890
3500 16 0.10607910
3600 16 0.10913086
3700 16 0.11215210
3800 16 0.11517334
3900 16 0.11819458
4000 16 0.12121582
4100 17 0.11692900
4200 17 0.11977252
4300 17 0.12261604
4400 17 0.12540211
4500 17 0.12815947
4600 17 0.13097426
4700 17 0.13384651
4800 17 0.13666131
4900 17 0.13950483
5000 17 0.14229090
5100 17 0.14510570
5200 17 0.14792050
5300 17 0.15079274
5400 17 0.15355009
5500 17 0.15633617
5600 17 0.15915097
5700 17 0.16193704
5800 17 0.16472312
5900 17 0.16759536
6000 17 0.17046760
6100 17 0.17319623
6200 17 0.17598231
6300 17 0.17879710
6400 17 0.18164062
6500 17 0.18448415
6600 17 0.18729894
6700 17 0.19005630
6800 17 0.19287109
6900 17 0.19571461
7000 17 0.19858686
7100 17 0.20125804
7200 17 0.20407284
7300 17 0.20685892
7400 17 0.20970244
7500 17 0.21254596
7600 17 0.21530331
7700 17 0.21806066
7800 17 0.22084674
7900 17 0.22369026
8000 17 0.22644761
8100 17 0.22917624
8200 18 0.21907552
8300 18 0.22178819
8400 18 0.22447374
8500 18 0.22718641
8600 18 0.22981771
8700 18 0.23250326
8800 18 0.23516168
8900 18 0.23779297
9000 18 0.24039714
9100 18 0.24305556
9200 18 0.24571398
9300 18 0.24839952
9400 18 0.25105794
9500 18 0.25371636
9600 18 0.25632053
9700 18 0.25897895
9800 18 0.26169162
9900 18 0.26432292
10000 18 0.26695421
10100 18 0.26958550
10200 18 0.27224392
10300 18 0.27490234
10400 18 0.27758789
10500 18 0.28024631
10600 18 0.28290473
10700 18 0.28559028
10800 18 0.28830295
10900 18 0.29082574
11000 18 0.29348416
11100 18 0.29614258
11200 18 0.29880100
11300 18 0.30145942
11400 18 0.30406359
11500 18 0.30666775
11600 18 0.30929905
11700 18 0.31193034
11800 18 0.31456163
11900 18 0.31722005
12000 18 0.31993273
12100 18 0.32259115
12200 18 0.32524957
12300 19 0.31049548
12400 19 0.31296258
12500 19 0.31548109
12600 19 0.31802529
12700 19 0.32051809
12800 19 0.32306229
12900 19 0.32547800
13000 19 0.32797081
13100 19 0.33046361
13200 19 0.33295641
13300 19 0.33552632
13400 19 0.33799342
13500 19 0.34053762
13600 19 0.34308183
13700 19 0.34560033
13800 19 0.34811883
13900 19 0.35061164
14000 19 0.35315584
14100 19 0.35570004
14200 19 0.35819285
14300 19 0.36071135
14400 19 0.36320415
14500 19 0.36567126
14600 19 0.36818976
14700 19 0.37065687
14800 19 0.37317537
14900 19 0.37569387
15000 19 0.37823808
15100 19 0.38067948
15200 19 0.38314659
15300 19 0.38558799
15400 19 0.38805510
15500 19 0.39062500
15600 19 0.39316920
15700 19 0.39571340
15800 19 0.39820621
15900 19 0.40077611
16000 19 0.40329461
16100 19 0.40586451
16200 19 0.40840872
16300 19 0.41087582
16400 20 0.39272461
16500 20 0.39511719
16600 20 0.39746094
16700 20 0.39985352
16800 20 0.40229492
16900 20 0.40473633
17000 20 0.40710449
17100 20 0.40947266
17200 20 0.41186523
17300 20 0.41428223
17400 20 0.41662598
17500 20 0.41901855
17600 20 0.42141113
17700 20 0.42373047
17800 20 0.42617187
17900 20 0.42858887
18000 20 0.43100586
18100 20 0.43334961
18200 20 0.43559570
18300 20 0.43796387
18400 20 0.44028320
18500 20 0.44257812
18600 20 0.44499512
18700 20 0.44741211
18800 20 0.44970703
18900 20 0.45207520
19000 20 0.45441895
19100 20 0.45683594
19200 20 0.45925293
19300 20 0.46164551
19400 20 0.46401367
19500 20 0.46638184
19600 20 0.46877441
19700 20 0.47114258
19800 20 0.47351074
19900 20 0.47580566
20000 20 0.47814941
20100 20 0.48046875
20200 20 0.48288574
20300 20 0.48530273
20400 20 0.48769531
20500 21 0.46670387
20600 21 0.46891276
20700 21 0.47121466
20800 21 0.47347005
20900 21 0.47567894
21000 21 0.47793434
21100 21 0.48011998
21200 21 0.48235212
21300 21 0.48458426
21400 21 0.48686291
21500 21 0.48911830
21600 21 0.49135045
21700 21 0.49365234
21800 21 0.49586124
21900 21 0.49813988
22000 21 0.50039528
22100 21 0.50258092
22200 21 0.50478981
22300 21 0.50704520
22400 21 0.50927734
22500 21 0.51153274
22600 21 0.51374163
22700 21 0.51602028
22800 21 0.51827567
22900 21 0.52055432
23000 21 0.52278646
23100 21 0.52499535
23200 21 0.52727400
23300 21 0.52957589
23400 21 0.53176153
23500 21 0.53401693
23600 21 0.53629557
23700 21 0.53855097
23800 21 0.54078311
23900 21 0.54308501
24000 21 0.54534040
24100 21 0.54757254
24200 21 0.54982794
24300 21 0.55206008
24400 21 0.55429222
24500 21 0.55654762
24600 22 0.53338068
24700 22 0.53551136
24800 22 0.53764205
24900 22 0.53981712
25000 22 0.54203658
25100 22 0.54423384
25200 22 0.54638672
25300 22 0.54858398
25400 22 0.55071467
25500 22 0.55286754
25600 22 0.55504261
25700 22 0.55717330
25800 22 0.55932617
25900 22 0.56145685
26000 22 0.56358754
26100 22 0.56565163
26200 22 0.56773793
26300 22 0.56989080
26400 22 0.57199929
26500 22 0.57410778
26600 22 0.57626065
26700 22 0.57836914
26800 22 0.58052202
26900 22 0.58265270
27000 22 0.58478338
27100 22 0.58689187
27200 22 0.58904474
27300 22 0.59115323
27400 22 0.59330611
27500 22 0.59545898
27600 22 0.59763406
27700 22 0.59980913
27800 22 0.60193981
27900 22 0.60404830
28000 22 0.60617898
28100 22 0.60835405
28200 22 0.61052912
28300 22 0.61274858
28400 22 0.61492365
28500 22 0.61696555
28600 22 0.61916282
28700 23 0.59425951
28800 23 0.59621264
28900 23 0.59822945
29000 23 0.60026749
29100 23 0.60228431
29200 23 0.60438604
29300 23 0.60638162
29400 23 0.60848336
29500 23 0.61052140
29600 23 0.61251698
29700 23 0.61457626
29800 23 0.61659307
29900 23 0.61869480
30000 23 0.62077531
30100 23 0.62279212
30200 23 0.62485139
30300 23 0.62691067
30400 23 0.62894871
30500 23 0.63096552
30600 23 0.63291865
30700 23 0.63497792
30800 23 0.63701596
30900 23 0.63909647
31000 23 0.64115574
31100 23 0.64310887
31200 23 0.64516814
31300 23 0.64716372
31400 23 0.64915931
31500 23 0.65106997
31600 23 0.65308679
31700 23 0.65503991
31800 23 0.65697181
31900 23 0.65884001
32000 23 0.66081437
32100 23 0.66266135
32200 23 0.66457201
32300 23 0.66641899
32400 23 0.66811736
32500 23 0.66979450
32600 23 0.67170516
32700 23 0.67342476
32800 24 0.64705404
32900 24 0.64853923
33000 24 0.65016683
33100 24 0.65169271
33200 24 0.65323893
33300 24 0.65478516
33400 24 0.65631104
33500 24 0.65775553
33600 24 0.65920003
33700 25 0.63429687
33800 25 0.63552734
33900 25 0.63689453
34000 25 0.63796875
34100 25 0.63914063
34200 26 0.61562876
34300 26 0.61677434
34400 26 0.61788236
34500 27 0.59597439
34600 28 0.57573591
34700 29 0.55667430
34800 30 0.53896484
34900 30 0.53982747
35000 30 0.54075521
35100 31 0.52428805
35200 31 0.52515436
35300 31 0.52595766
35400 31 0.52677671
35500 31 0.52770602
35600 31 0.52860383
35700 31 0.52956464
35800 31 0.53043095
35900 31 0.53128150
36000 31 0.53230532
36100 31 0.53337639
36200 31 0.53436870
36300 31 0.53528226
36400 32 0.51956177
36500 32 0.52056885
36600 32 0.52162170
36700 32 0.52270508
36800 32 0.52372742
36900 32 0.52497864
37000 32 0.52618408
37100 32 0.52752686
37200 32 0.52876282
37300 32 0.53007507
37400 32 0.53128052
37500 32 0.53247070
37600 32 0.53369141
37700 32 0.53500366
37800 32 0.53636169
37900 32 0.53773499
38000 32 0.53900146
38100 32 0.54028320
38200 32 0.54156494
38300 32 0.54286194
38400 32 0.54414368
38500 32 0.54547119
38600 32 0.54675293
38700 32 0.54801941
38800 32 0.54936218
38900 32 0.55055237
39000 32 0.55195618
39100 32 0.55323792
39200 32 0.55456543
39300 32 0.55584717
39400 32 0.55717468
39500 32 0.55850220
39600 32 0.55979919
39700 32 0.56109619
39800 32 0.56248474
39900 32 0.56379700
40000 32 0.56518555
40100 32 0.56654358
40200 32 0.56796265
40300 32 0.56929016
40400 32 0.57064819
40500 32 0.57199097
40600 32 0.57336426
40700 32 0.57475281
40800 32 0.57612610
40900 32 0.57756042
41000 32 0.58183289
41100 32 0.58323669
41200 32 0.58464050
41300 32 0.58602905
41400 32 0.58738708
41500 32 0.58876038
41600 32 0.59011841
41700 32 0.59150696
41800 32 0.59283447
41900 32 0.59417725
42000 32 0.59553528
42100 32 0.59687805
42200 32 0.59823608
42300 32 0.59960938
42400 32 0.60105896
42500 32 0.60238647
42600 32 0.60371399
42700 32 0.60510254
42800 32 0.60652161
42900 32 0.60778809
43000 32 0.60925293
43100 32 0.61062622
43200 32 0.61193848
43300 32 0.61329651
43400 32 0.61465454
43500 32 0.61602783
43600 32 0.61734009
43700 32 0.61878967
43800 32 0.62017822
43900 32 0.62156677
44000 32 0.62297058
44100 32 0.62445068
44200 32 0.62580872
44300 32 0.62713623
44400 32 0.62858582
44500 32 0.62997437
44600 32 0.63134766
44700 32 0.63272095
44800 32 0.63417053
44900 32 0.63555908
45000 32 0.63687134
45100 32 0.64398193
45200 32 0.64530945
45300 32 0.64666748
45400 32 0.64805603
45500 32 0.64944458
45600 32 0.65087891
45700 32 0.65226746
45800 32 0.65367126
45900 32 0.65512085
46000 32 0.65652466
46100 32 0.65791321
46200 32 0.65927124
46300 32 0.66065979
46400 32 0.66206360
46500 32 0.66340637
46600 32 0.66477966
46700 32 0.66619873
46800 32 0.66758728
46900 32 0.66893005
47000 32 0.67036438
47100 32 0.67173767
47200 32 0.67314148
47300 32 0.67446899
47400 32 0.67584229
47500 32 0.67723083
47600 32 0.67861938
47700 32 0.68000793
47800 32 0.68130493
47900 32 0.68269348
48000 32 0.68408203
48100 32 0.68542480
48200 32 0.68685913
48300 32 0.68821716
48400 32 0.68957520
48500 32 0.69100952
48600 32 0.69242859
48700 32 0.69383240
48800 32 0.69520569
48900 32 0.69665527
49000 32 0.69808960
49100 32 0.69947815
49200 32 0.70858765
49300 32 0.71000671
49400 32 0.71142578
49500 32 0.71273804
49600 32 0.71420288
49700 32 0.71565247
49800 32 0.71702576
49900 32 0.71832275
50000 32 0.71968079
50100 32 0.72109985
50200 32 0.72247314
50300 32 0.72389221
50400 32 0.72531128
50500 32 0.72666931
50600 32 0.72802734
50700 32 0.72940063
50800 32 0.73080444
50900 32 0.73225403
51000 32 0.73362732
51100 32 0.73506165
51200 32 0.73643494
51300 32 0.73788452
51400 32 0.73933411
51500 32 0.74073792
51600 32 0.74217224
51700 32 0.74363708
51800 32 0.74497986
51900 32 0.74645996
52000 32 0.74786377
52100 32 0.74925232
52200 32 0.75059509
52300 32 0.75202942
52400 32 0.75341797
52500 32 0.75480652
52600 32 0.75625610
52700 32 0.75770569
52800 32 0.75907898
52900 32 0.76052856
53000 32 0.76185608
53100 32 0.76325989
53200 32 0.76464844
53300 32 0.77508545
53400 32 0.77645874
53500 32 0.77784729
53600 32 0.77932739
53700 32 0.78074646
53800 32 0.78216553
53900 32 0.78359985
54000 32 0.78503418
54100 32 0.78648376
54200 32 0.78787231
54300 32 0.78926086
54400 32 0.79064941
54500 32 0.79209900
54600 32 0.79354858
54700 32 0.79496765
54800 32 0.79640198
54900 32 0.79783630
55000 32 0.79927063
55100 32 0.80070496
55200 32 0.80209351
55300 32 0.80346680
55400 32 0.80485535
55500 32 0.80628967
55600 32 0.80773926
55700 32 0.80914307
55800 32 0.81054688
55900 32 0.81190491
56000 32 0.81326294
56100 32 0.81465149
56200 32 0.81600952
56300 32 0.81742859
56400 32 0.81890869
56500 32 0.82028198
56600 32 0.82173157
56700 32 0.82312012
56800 32 0.82449341
56900 32 0.82594299
57000 32 0.82731628
57100 32 0.82868958
57200 32 0.83015442
57300 32 0.83161926
57400 32 0.84226990
57500 32 0.84368896
57600 32 0.84507751
57700 32 0.84649658
57800 32 0.84791565
57900 32 0.84933472
58000 32 0.85073853
58100 32 0.85217285
58200 32 0.85359192
58300 32 0.85508728
58400 32 0.85650635
58500 32 0.85792542
58600 32 0.85931396
58700 32 0.86074829
58800 32 0.86221313
58900 32 0.86370850
59000 32 0.86509705
59100 32 0.86650085
59200 32 0.86784363
59300 32 0.86929321
59400 32 0.87074280
59500 32 0.87214661
59600 32 0.87356567
59700 32 0.87500000
59800 32 0.87643433
59900 32 0.87786865
60000 32 0.87928772
60100 32 0.88069153
60200 32 0.88204956
60300 32 0.88346863
60400 32 0.88493347
60500 32 0.88641357
60600 32 0.88781738
60700 32 0.88917542
60800 32 0.89053345
60900 32 0.89183044
61000 32 0.89315796
61100 32 0.89457703
61200 32 0.89598083
61300 32 0.89733887
61400 32 0.89875793
61500 32 0.90826416
61600 32 0.90972900
61700 32 0.91108704
61800 32 0.91250610
61900 32 0.91390991
62000 32 0.91526794
62100 32 0.91668701
62200 32 0.91809082
62300 32 0.91935730
62400 32 0.92077637
62500 32 0.92214966
62600 32 0.92349243
62700 32 0.92485046
62800 32 0.92623901
62900 32 0.92753601
63000 32 0.92886353
63100 32 0.93020630
63200 32 0.93151855
63300 33 0.90454841
63400 33 0.90576172
63500 33 0.90696023
63600 33 0.90809955
63700 34 0.88264017
63800 34 0.88387523
63900 34 0.88500977
64000 34 0.88600069
64100 35 0.86180246
64200 35 0.86297433
64300 36 0.84004720
64400 36 0.84106445
64500 37 0.81934913
64600 37 0.82039168
64700 38 0.79980469
64800 38 0.80074270
64900 38 0.80165502
65000 38 0.80265728
65100 38 0.80353104
65200 38 0.80443051
65300 38 0.80530428
65400 38 0.80617804
65500 38 0.80709036
65600 40 0.77358398
65700 40 0.77447510
65800 40 0.77543945
65900 40 0.77623291
66000 40 0.77700195
66100 40 0.77788086
66200 40 0.77864990
66300 40 0.77944336
66400 40 0.78026123
66500 40 0.78105469
66600 40 0.78175049
66700 41 0.76343369
66800 41 0.76419588
66900 41 0.76489853
67000 41 0.76566073
67100 42 0.74801200
67200 42 0.74868629
67300 43 0.73192224
67400 44 0.71589799
67500 44 0.71660822
67600 44 0.71730735
67700 44 0.71800648
67800 44 0.71868342
67900 44 0.71921609
68000 44 0.71981534
68100 44 0.72038130
68200 44 0.72095836
68300 44 0.72143555
68400 44 0.72207919
68500 44 0.72258967
68600 44 0.72314453
68700 44 0.72354403
68800 44 0.72409890
68900 44 0.72453169
69000 44 0.72492010
69100 44 0.72533070
69200 44 0.72578569
69300 44 0.72614080
69400 44 0.72660689
69500 44 0.72708407
69600 44 0.72751687
69700 45 0.71175130
69800 45 0.71218533
69900 45 0.71271701
70000 45 0.71314019
70100 45 0.71353082
70200 45 0.71388889
70300 45 0.71431207
70400 45 0.71474609
70500 45 0.71510417
70600 45 0.71542969
70700 45 0.71572266
70800 45 0.71604818
70900 45 0.71647135
71000 45 0.71685113
71100 45 0.71719835
71200 45 0.71755642
71300 46 0.70236073
71400 46 0.70272164
71500 47 0.68812334
71600 47 0.68855967
71700 47 0.68885057
71800 47 0.68927651
71900 47 0.68955701
72000 47 0.68992063
72100 47 0.69035696
72200 47 0.69067902
72300 47 0.69094914
72400 47 0.69118808
72500 47 0.69157247
72600 48 0.67753092
72700 48 0.67785645
72800 48 0.67809041
72900 48 0.67835490
73000 49 0.66486966
73100 49 0.66515864
73200 49 0.66539780
73300 49 0.66567682
73400 49 0.66594587
73500 49 0.66635443
73600 50 0.65334961
73700 50 0.65370117
73800 51 0.64124732
73900 51 0.64157284
74000 51 0.64181219
74100 51 0.64212814
74200 51 0.64240579
74300 51 0.64273131
74400 51 0.64303768
74500 52 0.63092511
74600 53 0.61929724
74700 53 0.61965654
74800 53 0.61992372
74900 53 0.62020932
75000 53 0.62051334
75100 53 0.62090028
75200 53 0.62121352
75300 53 0.62146226
75400 53 0.62183078
75500 53 0.62209795
75600 53 0.62247568
75700 53 0.62277049
75800 53 0.62302845
75900 54 0.61184353
76000 55 0.60107422
76100 55 0.60132280
76200 55 0.60166903
76300 55 0.60195312
76400 55 0.60219283
76500 55 0.60245916
76600 56 0.59197998
76700 58 0.57187837
76800 59 0.56246690
76900 59 0.56278966
77000 59 0.56311242
77100 59 0.56340208
77200 60 0.55429688
77300 61 0.54545818
77400 61 0.54573034
77500 61 0.54607454
77600 61 0.54638672
77700 61 0.54671491
77800 61 0.54699507
77900 61 0.54745133
78000 62 0.53900737
78100 62 0.53929877
78200 62 0.53965316
78300 62 0.53995243
78400 63 0.53169953
78500 63 0.53204055
78600 63 0.53235832
78700 63 0.53271484
78800 63 0.53299386
78900 63 0.53332713
79000 63 0.53362940
79100 63 0.53393167
79200 63 0.53425719
79300 63 0.53460596
79400 64 0.52655792
79500 64 0.52690125
79600 64 0.52721405
79700 64 0.52758789
79800 65 0.51979417
79900 65 0.52013221
80000 65 0.52051532
80100 65 0.52083083
80200 65 0.52121394
80300 66 0.51360529
80400 66 0.51396780
80500 66 0.51425633
80600 66 0.51459665
80700 66 0.51492217
80800 66 0.51535866
80900 66 0.51572118
81000 66 0.51614287
81100 66 0.51645360
81200 66 0.51680131
81300 66 0.51711204
81400 66 0.51745975
81500 66 0.51780007
81600 66 0.51815518
81700 66 0.51851030
81800 66 0.51890240
81900 66 0.51929451
82000 67 0.51201755
82100 67 0.51238194
82200 67 0.51283378
82300 67 0.51321274
82400 67 0.51362086
82500 67 0.51406542
82600 67 0.51456098
82700 67 0.51499096
82800 67 0.51542823
82900 67 0.51582906
83000 67 0.51628819
83100 67 0.51668902
83200 67 0.51712628
83300 67 0.51757812
83400 67 0.51794251
83500 67 0.51840893
83600 67 0.51879518
83700 67 0.51922516
83800 67 0.51964057
83900 67 0.52008512
84000 67 0.52057340
84100 67 0.52102524
84200 67 0.52141878
84300 67 0.52187792
84400 67 0.52229332
84500 68 0.51502901
84600 68 0.51550293
84700 68 0.51590504
84800 68 0.51631434
84900 68 0.51675236
85000 68 0.51716165
85100 68 0.51764275
85200 68 0.51808795
85300 68 0.51857623
85400 68 0.51907169
85500 68 0.51959588
85600 68 0.52006261
85700 68 0.52055090
85800 68 0.52101764
85900 68 0.52149874
86000 68 0.52192957
86100 69 0.51483243
86200 69 0.51536317
86300 69 0.51585853
86400 69 0.51633265
86500 69 0.51677848
86600 69 0.51724553
86700 69 0.51771258
86800 69 0.51820086
86900 69 0.51871745
87000 69 0.51919158
87100 69 0.51961617
87200 69 0.52006907
87300 69 0.52050781
87400 69 0.52096071
87500 69 0.52142069
87600 69 0.52185943
87700 69 0.52236894
87800 69 0.52282184
87900 69 0.52330305
88000 69 0.52379133
88100 69 0.52427961
88200 69 0.52471128
88300 69 0.52517833
88400 69 0.52567369
88500 69 0.52618320
88600 69 0.52662194
88700 69 0.52706776
88800 69 0.52758435
88900 69 0.52806556
89000 69 0.52860337
89100 69 0.52910581
89200 69 0.52953040
89300 69 0.52996915
89400 69 0.53042204
89500 69 0.53091033
89600 69 0.53139861
89700 69 0.53186566
89800 69 0.53233979
89900 69 0.53282099
90000 69 0.53332343
90100 69 0.53383294
90200 70 0.52672991
90300 70 0.52726702
90400 70 0.52770647
90500 70 0.52822266
90600 70 0.52868304
90700 70 0.52917132
90800 70 0.52965960
90900 70 0.53018973
91000 70 0.53063616
91100 70 0.53118025
91200 70 0.53171038
91300 70 0.53222656
91400 70 0.53272182
91500 70 0.53321708
91600 70 0.53371931
91700 70 0.53419364
91800 70 0.53472377
91900 70 0.53517020
92000 70 0.53556780
92100 70 0.53612584
92200 70 0.53659319
92300 70 0.53711635
92400 70 0.53763253
92500 70 0.53809989
92600 70 0.53853237
92700 70 0.53899275
92800 70 0.53948103
92900 70 0.53998326
93000 70 0.54043666
93100 70 0.54092494
93200 70 0.54140625
93300 70 0.54188058
93400 70 0.54239676
93500 70 0.54289202
93600 70 0.54340820
93700 70 0.54389648
93800 70 0.54439174
93900 70 0.54488002
94000 70 0.54535435
94100 70 0.54585658
94200 70 0.54637277
94300 70 0.54704241
94400 70 0.54753767
94500 71 0.54029352
94600 71 0.54076117
94700 71 0.54124945
94800 71 0.54177212
94900 71 0.54232917
95000 71 0.54281057
95100 71 0.54330573
95200 71 0.54379401
95300 71 0.54436482
95400 71 0.54487373
95500 71 0.54536889
95600 71 0.54590531
95700 71 0.54638672
95800 71 0.54687500
95900 71 0.54735640
96000 71 0.54791346
96100 71 0.54839486
96200 71 0.54886939
96300 71 0.54936455
96400 71 0.54988721
96500 71 0.55040300
96600 71 0.55096693
96700 71 0.55144834
96800 71 0.55198476
96900 71 0.55243866
97000 71 0.55289255
97100 71 0.55337395
97200 71 0.55384848
97300 71 0.55437803
97400 71 0.55490069
97500 71 0.55531333
97600 71 0.55580161
97700 71 0.55632427
97800 71 0.55680568
97900 71 0.55727333
98000 71 0.55781663
98100 71 0.55826364
98200 71 0.55873129
98300 71 0.55919207
98400 72 0.55206299
98500 72 0.55257161
98600 72 0.55305311
98700 72 0.55356174
98800 72 0.55415175
98900 72 0.55469428
99000 72 0.55517578
99100 72 0.55562337
99200 72 0.55610487
99300 72 0.55662706
99400 72 0.55710856
99500 72 0.55765110
99600 72 0.55817329
99700 72 0.55865479
99800 72 0.55914985
99900 72 0.55967204
100000 72 0.56016710
100100 72 0.56068929
100200 72 0.56112332
100300 72 0.56159804
100400 72 0.56209310
100500 72 0.56257460
100600 72 0.56307644
100700 72 0.56357829
100800 72 0.56402588
100900 72 0.56449382
101000 72 0.56494819
101100 72 0.56545681
101200 72 0.56591797
101300 72 0.56638590
101400 72 0.56688775
101500 72 0.56734890
101600 72 0.56786431
101700 72 0.56838650
101800 72 0.56887478
101900 72 0.56938341
102000 72 0.56986491
102100 72 0.57036675
102200 72 0.57085503
102300 72 0.57132297
102400 73 0.56411200
102500 73 0.56458690
102600 73 0.56510863
102700 73 0.56558353
102800 73 0.56605843
102900 73 0.56649320
103000 73 0.56699486
103100 73 0.56750990
103200 73 0.56801156
103300 73 0.56849984
103400 73 0.56896805
103500 73 0.56941620
103600 73 0.56993124
103700 73 0.57042621
103800 73 0.57088105
103900 73 0.57134257
104000 73 0.57179741
104100 73 0.57232582
104200 73 0.57279404
104300 73 0.57324219
104400 73 0.57370371
104500 73 0.57416524
104600 73 0.57463345
104700 73 0.57515518
104800 73 0.57566353
104900 73 0.57613843
105000 73 0.57663340
105100 73 0.57716182
105200 73 0.57769023
105300 73 0.57817182
105400 73 0.57868686
105500 73 0.57914838
105600 73 0.57963667
105700 73 0.58013832
105800 73 0.58059985
105900 73 0.58105469
106000 73 0.58151621
106100 73 0.58203125
106200 73 0.58248609
106300 73 0.58297437
106400 73 0.58348940
106500 73 0.58415828
106600 73 0.58461312
106700 73 0.58514822
106800 74 0.57770930
106900 74 0.57817779
107000 74 0.57869906
107100 74 0.57918734
107200 74 0.57970861
107300 74 0.58022989
107400 74 0.58074456
107500 74 0.58129223
107600 74 0.58182010
107700 74 0.58226879
107800 74 0.58277027
107900 74 0.58325195
108000 74 0.58372044
108100 74 0.58420872
108200 74 0.58467061
108300 74 0.58515889
108400 74 0.58562078
108500 74 0.58613545
108600 74 0.58661054
108700 74 0.58708562
108800 74 0.58756071
108900 74 0.58810177
109000 74 0.58857686
109100 74 0.58908493
109200 74 0.58957981
109300 74 0.59004830
109400 74 0.59049699
109500 74 0.59097867
109600 74 0.59148015
109700 74 0.59198163
109800 74 0.59245012
109900 74 0.59291860
110000 74 0.59338709
110100 74 0.59389516
110200 74 0.59442304
110300 74 0.59487173
110400 74 0.59541280
110500 74 0.59592747
110600 75 0.58866536
110700 75 0.58912760
110800 75 0.58961589
110900 75 0.59010417
111000 75 0.59055990
111100 75 0.59107422
111200 75 0.59155599
111300 75 0.59207031
111400 75 0.59259115
111500 75 0.59310547
111600 75 0.59361979
111700 75 0.59406901
111800 75 0.59455729
111900 75 0.59504557
112000 75 0.59549479
112100 75 0.59600260
112200 75 0.59647786
112300 75 0.59695312
112400 75 0.59744141
112500 75 0.59794922
112600 75 0.59846354
112700 75 0.59891927
112800 75 0.59940755
112900 75 0.59992188
113000 75 0.60039062
113100 75 0.60087891
113200 75 0.60141927
113300 75 0.60190104
113400 75 0.60235677
113500 75 0.60283203
113600 75 0.60333333
113700 75 0.60383464
113800 75 0.60435547
113900 75 0.60488281
114000 75 0.60541016
114100 75 0.60595703
114200 75 0.60649740
114300 75 0.60703125
114400 75 0.60753255
114500 75 0.60800130
114600 75 0.60846354
114700 76 0.60045744
114800 76 0.60095215
114900 76 0.60142758
115000 76 0.60189016
115100 76 0.60234632
115200 76 0.60286030
115300 76 0.60335501
115400 76 0.60386899
115500 76 0.60432514
115600 76 0.60481343
115700 76 0.60531456
115800 76 0.60578356
115900 76 0.60632324
116000 76 0.60677297
116100 76 0.60726126
116200 76 0.60778166
116300 76 0.60828279
116400 76 0.60877107
116500 76 0.60922723
116600 76 0.60970266
116700 76 0.61018452
116800 76 0.61069850
116900 76 0.61120605
117000 76 0.61166864
117100 76 0.61215692
117200 76 0.61265162
117300 76 0.61315918
117400 76 0.61363461
117500 76 0.61409719
117600 76 0.61463687
117700 76 0.61510588
117800 76 0.61561344
117900 76 0.61608887
118000 76 0.61654502
118100 76 0.61705900
118200 76 0.61754086
118300 76 0.61802272
118400 76 0.61853670
118500 76 0.61899928
118600 76 0.61952611
118700 76 0.62001439
118800 77 0.61257736
118900 77 0.61304662
119000 77 0.61351588
119100 77 0.61401684
119200 77 0.61451781
119300 77 0.61499341
119400 77 0.61547534
119500 77 0.61596363
119600 77 0.61643288
119700 77 0.61688946
119800 77 0.61740945
119900 77 0.61787870
120000 77 0.61836698
120100 77 0.61884258
120200 77 0.61932452
120300 77 0.61981280
120400 77 0.62032011
120500 77 0.62080839
120600 77 0.62127765
120700 77 0.62175325
120800 77 0.62227958
120900 77 0.62271713
121000 77 0.62322443
121100 77 0.62373174
121200 77 0.62421368
121300 77 0.62472098
121400 77 0.62516487
121500 77 0.62565316
121600 77 0.62610339
121700 77 0.62657899
121800 77 0.62707361
121900 77 0.62758726
122000 77 0.62805017
122100 77 0.62856382
122200 77 0.62902039
122300 77 0.62950233
122400 77 0.62997159
122500 77 0.63042182
122600 77 0.63085938
122700 77 0.63131595
122800 77 0.63178521
122900 78 0.62399214
123000 78 0.62441782
123100 78 0.62488732
123200 78 0.62540064
123300 78 0.62586388
123400 78 0.62629582
123500 78 0.62675280
123600 78 0.62724735
123700 78 0.62771685
123800 78 0.62809871
123900 78 0.62856195
124000 78 0.62900641
124100 78 0.62947591
124200 78 0.63000175
124300 78 0.63048377
124400 78 0.63096580
124500 78 0.63146660
124600 78 0.63197992
124700 78 0.63246820
124800 78 0.63291892
124900 78 0.63341346
125000 78 0.63388296
125100 78 0.63439628
125200 78 0.63490335
125300 78 0.63538537
125400 78 0.63586113
125500 78 0.63636819
125600 78 0.63688151
125700 78 0.63735727
125800 78 0.63780173
125900 78 0.63827749
126000 78 0.63878456
126100 78 0.63931040
126200 78 0.63976112
126300 78 0.64027444
126400 78 0.64075020
126500 78 0.64122596
126600 78 0.64172676
126700 78 0.64219000
126800 78 0.64267829
126900 78 0.64314153
127000 79 0.63514265
127100 79 0.63568656
127200 79 0.63613158
127300 79 0.63657041
127400 79 0.63704633
127500 79 0.63752225
127600 79 0.63800435
127700 79 0.63850499
127800 79 0.63894383
127900 79 0.63941975
128000 79 0.63995130
128100 79 0.64044576
128200 79 0.64089077
128300 79 0.64137287
128400 79 0.64182407
128500 79 0.64227527
128600 79 0.64276355
128700 79 0.64324565
128800 79 0.64371539
128900 79 0.64419749
129000 79 0.64468577
129100 79 0.64512460
129200 79 0.64560670
129300 79 0.64608262
129400 79 0.64650292
129500 79 0.64700356
129600 79 0.64744858
129700 79 0.64791831
129800 79 0.64837569
129900 79 0.64885161
130000 79 0.64935844
130100 79 0.64988380
130200 79 0.65037826
130300 79 0.65081710
130400 79 0.65132392
130500 79 0.65176894
130600 79 0.65223868
130700 79 0.65273314
130800 79 0.65321524
130900 79 0.65366644
131000 79 0.65412381
131100 80 0.64664917
131200 80 0.64713135
131300 80 0.64754028
131400 80 0.64799194
131500 80 0.64843140
131600 80 0.64891968
131700 80 0.64939575
131800 80 0.64987183
131900 80 0.65033569
132000 80 0.65081787
132100 80 0.65134277
132200 80 0.65177002
132300 80 0.65222778
132400 80 0.65268555
132500 80 0.65314941
132600 80 0.65362549
132700 80 0.65405884
132800 80 0.65455933
132900 80 0.65498657
133000 80 0.65548096
133100 80 0.65596924
133200 80 0.65642090
133300 80 0.65691528
133400 80 0.65734863
133500 80 0.65781250
133600 80 0.65827026
133700 80 0.65872803
133800 80 0.65921631
133900 80 0.65963745
134000 80 0.66010132
134100 80 0.66055298
134200 80 0.66098633
134300 80 0.66145630
134400 80 0.66191406
134500 80 0.66242676
134600 80 0.66289062
134700 80 0.66340942
134800 80 0.66386108
134900 80 0.66434937
135000 80 0.66482544
135100 80 0.66531982
135200 81 0.65782335
135300 81 0.65829958
135400 81 0.65880594
135500 81 0.65931231
135600 81 0.65976442
135700 81 0.66024667
135800 81 0.66069878
135900 81 0.66115090
136000 81 0.66163315
136100 81 0.66206115
136200 81 0.66251326
136300 81 0.66297743
136400 81 0.66344763
136500 81 0.66389371
136600 81 0.66434582
136700 81 0.66484616
136800 81 0.66534047
136900 81 0.66582272
137000 81 0.66628689
137100 81 0.66672695
137200 81 0.66721523
137300 81 0.66771557
137400 81 0.66819179
137500 81 0.66859568
137600 81 0.66904779
137700 81 0.66949388
137800 81 0.66993996
137900 81 0.67038604
138000 81 0.67084418
138100 81 0.67133247
138200 81 0.67181472
138300 81 0.67225477
138400 81 0.67271894
138500 81 0.67317106
138600 81 0.67361714
138700 81 0.67406925
138800 81 0.67455150
138900 81 0.67500965
139000 81 0.67546779
139100 81 0.67595607
139200 81 0.67636598
139300 82 0.66835580
139400 82 0.66882026
139500 82 0.66924900
139600 82 0.66971346
139700 82 0.67016006
139800 82 0.67061857
139900 82 0.67106517
140000 82 0.67152963
140100 82 0.67196432
140200 82 0.67243474
140300 82 0.67293493
140400 82 0.67338748
140500 82 0.67382217
140600 82 0.67427472
140700 82 0.67475110
140800 82 0.67523342
140900 82 0.67570384
141000 82 0.67613853
141100 82 0.67655535
141200 82 0.67704959
141300 82 0.67748428
141400 82 0.67798447
141500 82 0.67843702
141600 82 0.67890744
141700 82 0.67935404
141800 82 0.67980064
141900 82 0.68025915
142000 82 0.68074147
142100 82 0.68122975
142200 82 0.68173590
142300 82 0.68216463
142400 82 0.68266482
142500 82 0.68313524
142600 82 0.68357589
142700 82 0.68405821
142800 82 0.68457627
142900 82 0.68502287
143000 82 0.68547542
143100 82 0.68594584
143200 82 0.68641625
143300 82 0.68688072
143400 83 0.67869329
143500 83 0.67914627
143600 83 0.67962867
143700 83 0.68009930
143800 83 0.68053464
143900 83 0.68101115
144000 83 0.68148179
144100 83 0.68198183
144200 83 0.68245835
144300 83 0.68289957
144400 83 0.68338785
144500 83 0.68379965
144600 83 0.68424087
144700 83 0.68471150
144800 83 0.68517625
144900 83 0.68562924
145000 83 0.68611163
145100 83 0.68658815
145200 83 0.68705290
145300 83 0.68754118
145400 83 0.68801181
145500 83 0.68842950
145600 83 0.68887660
145700 83 0.68932370
145800 83 0.68979433
145900 83 0.69027673
146000 83 0.69076501
146100 83 0.69122388
146200 83 0.69168275
146300 83 0.69211808
146400 83 0.69252989
146500 83 0.69297110
146600 83 0.69342409
146700 83 0.69388295
146800 83 0.69435947
146900 83 0.69481834
147000 83 0.69530662
147100 83 0.69578902
147200 83 0.69627730
147300 83 0.69673616
147400 83 0.69720680
147500 84 0.68917992
147600 84 0.68967401
147700 84 0.69009835
147800 84 0.69051688
147900 84 0.69098191
148000 84 0.69147019
148100 84 0.69190616
148200 84 0.69233050
148300 84 0.69274902
148400 84 0.69327218
148500 84 0.69370233
148600 84 0.69414411
148700 84 0.69458008
148800 84 0.69501023
148900 84 0.69548689
149000 84 0.69592866
149100 84 0.69639369
149200 84 0.69683547
149300 84 0.69731794
149400 84 0.69778297
149500 84 0.69824800
149600 84 0.69869559
149700 84 0.69916643
149800 84 0.69960240
149900 84 0.70006743
150000 84 0.70052665
150100 84 0.70099749
150200 84 0.70147414
150300 84 0.70193917
150400 84 0.70238677
150500 84 0.70286923
150600 84 0.70335170
150700 84 0.70378767
150800 84 0.70426432
150900 84 0.70471773
151000 85 0.69685202
151100 85 0.69728860
151200 85 0.69770795
151300 85 0.69811581
151400 85 0.69860409
151500 85 0.69904642
151600 86 0.69134380
151700 86 0.69174691
151800 86 0.69216706
151900 86 0.69264399
152000 86 0.69309252
152100 86 0.69357513
152200 86 0.69408044
152300 86 0.69450059
152400 86 0.69495481
152500 86 0.69538063
152600 86 0.69581214
152700 86 0.69622093
152800 86 0.69668650
152900 86 0.69711801
153000 86 0.69756086
153100 86 0.69796398
153200 86 0.69840116
153300 86 0.69883267
153400 86 0.69924146
153500 86 0.69967864
153600 86 0.70011015
153700 86 0.70055301
153800 86 0.70096180
153900 86 0.70140466
154000 86 0.70181345
154100 86 0.70226767
154200 86 0.70264240
154300 86 0.70306255
154400 86 0.70349973
154500 87 0.69585129
154600 87 0.69629467
154700 87 0.69673806
154800 87 0.69715899
154900 87 0.69756870
155000 87 0.69796157
155100 87 0.69841056
155200 87 0.69883149
155300 87 0.69925242
155400 88 0.69171143
155500 88 0.69211648
155600 88 0.69249379
155700 89 0.68486109
155800 89 0.68528353
155900 89 0.68567855
156000 89 0.68609551
156100 89 0.68650698
156200 89 0.68695137
156300 89 0.68736284
156400 89 0.68775237
156500 89 0.68817482
156600 89 0.68859177
156700 89 0.68899228
156800 89 0.68943667
156900 89 0.68987557
157000 89 0.69029802
157100 89 0.69075887
157200 89 0.69115388
157300 89 0.69156535
157400 89 0.69198780
157500 89 0.69237733
157600 89 0.69282720
157700 89 0.69329903
157800 89 0.69368855
157900 89 0.69410003
158000 89 0.69451699
158100 89 0.69493394
158200 89 0.69532347
158300 89 0.69573495
158400 90 0.68838976
158500 90 0.68878038
158600 90 0.68922526
158700 90 0.68965386
158800 90 0.69006076
158900 90 0.69047309
159000 90 0.69088542
159100 90 0.69130317
159200 90 0.69172092
159300 90 0.69212782
159400 90 0.69251302
159500 90 0.69292535
159600 90 0.69336480
159700 90 0.69375543
159800 91 0.68635173
159900 91 0.68674880
160000 91 0.68714586
160100 91 0.68754829
160200 91 0.68797755
160300 91 0.68842291
160400 91 0.68885216
160500 91 0.68925459
160600 91 0.68968922
160700 91 0.69011848
160800 91 0.69050481
160900 91 0.69092333
161000 91 0.69132576
161100 91 0.69175502
161200 91 0.69218965
161300 91 0.69259744
161400 91 0.69297304
161500 91 0.69336474
161600 91 0.69378327
161700 91 0.69421789
161800 91 0.69465252
161900 91 0.69507104
162000 91 0.69551103
162100 91 0.69592956
162200 91 0.69635882
162300 91 0.69677198
162400 91 0.69716368
162500 91 0.69760367
162600 91 0.69798463
162700 91 0.69842462
162800 91 0.69881095
162900 91 0.69921875
163000 91 0.69964801
163100 91 0.70005580
163200 91 0.70045823
163300 91 0.70086603
163400 91 0.70125236
163500 91 0.70162796
163600 91 0.70206795
163700 91 0.70252940
163800 91 0.70293183
163900 92 0.69510020
164000 92 0.69552480
164100 92 0.69593347
164200 92 0.69632621
164300 93 0.68924311
164400 93 0.68964739
164500 93 0.69005166
164600 93 0.69043494
164700 93 0.69083396
164800 93 0.69125399
164900 93 0.69165827
165000 93 0.69203629
165100 93 0.69240906
165200 93 0.69278184
165300 94 0.68581179
165400 94 0.68618060
165500 94 0.68655460
165600 94 0.68696497
165700 94 0.68733378
165800 94 0.68771297
165900 94 0.68810256
166000 94 0.68851812
166100 94 0.68890251
166200 94 0.68929729
166300 94 0.68960896
166400 94 0.68999335
166500 94 0.69037774
166600 94 0.69079330
166700 94 0.69118808
166800 94 0.69159845
166900 94 0.69196725
167000 94 0.69232567
167100 94 0.69271526
167200 94 0.69309446
167300 94 0.69343729
167400 94 0.69384246
167500 94 0.69420608
167600 94 0.69459566
167700 94 0.69494889
167800 94 0.69529172
167900 94 0.69569689
168000 95 0.68796772
168100 95 0.68836863
168200 95 0.68877981
168300 95 0.68917558
168400 95 0.68955592
168500 95 0.68998766
168600 95 0.69036801
168700 95 0.69075863
168800 95 0.69114926
168900 95 0.69153475
169000 95 0.69189453
169100 95 0.69226974
169200 96 0.68540446
169300 96 0.68572489
169400 96 0.68610636
169500 96 0.68649292
169600 96 0.68686422
169700 96 0.68723551
169800 96 0.68763733
169900 96 0.68804932
170000 96 0.68846639
170100 96 0.68882243
170200 96 0.68921407
170300 96 0.68955485
170400 96 0.68991597
170500 96 0.69026693
170600 96 0.69064840
170700 96 0.69106038
170800 96 0.69146220
170900 96 0.69184367
171000 96 0.69223531
171100 96 0.69263713
171200 96 0.69302877
171300 96 0.69341024
171400 96 0.69379679
171500 97 0.68703185
171600 97 0.68740939
171700 97 0.68776679
171800 97 0.68813426
171900 97 0.68853697
172000 97 0.68891451
172100 97 0.68833562
172200 97 0.68868798
172300 97 0.68907055
172400 97 0.68942796
172500 97 0.68978032
172600 97 0.69015786
172700 97 0.69053036
172800 97 0.69090287
172900 98 0.68424147
173000 98 0.68460021
173100 98 0.68495396
173200 98 0.68533263
173300 98 0.68567144
173400 98 0.68605010
173500 98 0.68640386
173600 98 0.68673768
173700 98 0.68709642
173800 98 0.68748007
173900 98 0.68781888
174000 98 0.68821249
174100 98 0.68859614
174200 98 0.68897481
174300 98 0.68932358
174400 98 0.68968730
174500 98 0.69005102
174600 98 0.69038485
174700 98 0.69072864
174800 98 0.69110232
174900 98 0.69148099
175000 98 0.69187460
175100 98 0.69222337
175200 98 0.69258211
175300 99 0.68591679
175400 99 0.68627683
175500 99 0.68665661
175600 99 0.68698213
175700 99 0.68736190
175800 99 0.68774167
175900 99 0.68813625
176000 99 0.68844204
176100 99 0.68884154
176200 99 0.68771701
176300 100 0.68119141
176400 100 0.68153809
176500 100 0.68192871
176600 100 0.68229004
176700 100 0.68263184
176800 100 0.68297363
176900 101 0.67656927
177000 101 0.67691735
177100 101 0.67729927
177200 101 0.67766186
177300 101 0.67803411
177400 101 0.67838219
177500 101 0.67873028
177600 101 0.67909286
177700 101 0.67945545
177800 101 0.67978902
177900 101 0.68015644
178000 101 0.68051903
178100 101 0.68087678
178200 101 0.68124903
178300 101 0.68164062
178400 101 0.68201288
178500 101 0.68234646
178600 101 0.68274288
178700 101 0.68309097
178800 101 0.68341971
178900 101 0.68375329
179000 101 0.68413521
179100 101 0.68449296
179200 101 0.68487005
179300 101 0.68525681
179400 101 0.68561456
179500 101 0.68593847
179600 101 0.68628171
179700 101 0.68662496
179800 101 0.68697304
179900 101 0.68733079
180000 101 0.68769338
180100 101 0.68802212
180200 101 0.68833636
180300 101 0.68698755
180400 102 0.68061140
180500 103 0.67432115
180600 103 0.67469091
180700 103 0.67501327
180800 103 0.67539252
180900 103 0.67571014
181000 103 0.67605620
181100 103 0.67637382
181200 103 0.67669144
181300 103 0.67704699
181400 103 0.67738357
181500 103 0.67774386
181600 103 0.67808044
181700 103 0.67845495
181800 103 0.67876308
181900 103 0.67913285
182000 103 0.67949314
182100 103 0.67980601
182200 103 0.68012363
182300 103 0.68047444
182400 103 0.68083946
182500 103 0.68119501
182600 103 0.68151263
182700 103 0.68183025
182800 103 0.68212891
182900 103 0.68247497
183000 103 0.68283525
183100 103 0.68315762
183200 103 0.68349420
183300 104 0.67721323
183400 104 0.67750901
183500 104 0.67783297
183600 104 0.67816632
183700 104 0.67846210
183800 104 0.67877197
183900 104 0.67907715
184000 104 0.67938232
184100 104 0.67970159
184200 104 0.68005841
184300 104 0.68036358
184400 104 0.67774377
184500 104 0.67806772
184600 104 0.67839168
184700 104 0.67875319
184800 104 0.67907245
184900 104 0.67938702
185000 104 0.67971567
185100 104 0.68001146
185200 104 0.68034950
185300 104 0.68066406
185400 106 0.66813458
185500 107 0.66221890
185600 107 0.66251095
185700 107 0.66281670
185800 108 0.65699599
185900 108 0.65728986
186000 108 0.65756565
186100 108 0.65790925
186200 108 0.65821217
186300 108 0.65854673
186400 108 0.65886321
186500 108 0.65914804
186600 108 0.65946904
186700 108 0.65974483
186800 108 0.66004322
186900 108 0.66036422
187000 108 0.66064905
187100 108 0.66094293
187200 108 0.66123680
187300 108 0.66152615
187400 108 0.66180646
187500 109 0.65603050
187600 109 0.65633063
187700 110 0.65067028
187800 110 0.65095881
187900 110 0.65127397
188000 110 0.65159801
188100 110 0.65192649
188200 110 0.65226385
188300 110 0.65256570
188400 110 0.65284091
188500 110 0.65004883
188600 110 0.65035067
188700 110 0.65063477
188800 110 0.65090554
188900 110 0.65121183
189000 110 0.65150479
189100 110 0.65181108
189200 110 0.65206854
189300 110 0.65237926
189400 110 0.65270774
189500 110 0.65301403
189600 110 0.65328480
189700 111 0.64771608
189800 111 0.64798441
189900 111 0.64827914
190000 111 0.64859586
190100 111 0.64889059
190200 111 0.64919412
190300 111 0.64948445
190400 111 0.64979677
190500 111 0.65009590
190600 111 0.65043461
190700 112 0.64488874
190800 113 0.63947559
190900 113 0.63976079
191000 113 0.64004598
191100 113 0.64031820
191200 113 0.64061204
191300 113 0.64094044
191400 113 0.64124291
191500 113 0.64154539
191600 113 0.64183922
191700 113 0.64214602
191800 113 0.64243121
191900 113 0.64275097
192000 113 0.64301455
192100 114 0.63764391
192200 114 0.63794374
192300 114 0.63820501
192400 114 0.63851768
192500 114 0.63879609
192600 114 0.63548520
192700 114 0.63576789
192800 114 0.63608484
192900 114 0.63639323
193000 114 0.63664594
193100 114 0.63695861
193200 114 0.63727556
193300 114 0.63758823
193400 114 0.63789234
193500 114 0.63816218
193600 114 0.63838919
193700 114 0.63864189
193800 114 0.63892887
193900 114 0.63916872
194000 114 0.63945998
194100 114 0.63971269
194200 114 0.64001679
194300 115 0.63471892
194400 115 0.63502463
194500 115 0.63532609
194600 115 0.63561906
194700 115 0.63587806
194800 115 0.63615829
194900 115 0.63645975
195000 115 0.63671450
195100 115 0.63699898
195200 115 0.63730893
195300 115 0.63758067
195400 115 0.63788638
195500 115 0.63816236
195600 115 0.63845533
195700 116 0.63323343
195800 116 0.63347757
195900 116 0.63372592
196000 116 0.63401216
196100 116 0.63426051
196200 116 0.63456779
196300 116 0.63484139
196400 116 0.63512342
196500 116 0.63538440
196600 116 0.63570851
196700 116 0.63278724
196800 116 0.63305664
196900 116 0.63335129
197000 116 0.63363332
197100 116 0.63394060
197200 116 0.63424367
197300 116 0.63455095
197400 116 0.63483718
197500 116 0.63506870
197600 116 0.63534651
197700 116 0.63563275
197800 116 0.63591898
197900 116 0.63623889
198000 116 0.63652933
198100 116 0.63678189
198200 116 0.63709338
198300 116 0.63737119
198400 116 0.63764480
198500 116 0.63793103
198600 116 0.63822990
198700 116 0.63849087
198800 116 0.63879815
198900 117 0.63362630
199000 117 0.63390592
199100 117 0.63416049
199200 117 0.63443176
199300 117 0.63472389
199400 117 0.63499099
199500 117 0.63526643
199600 117 0.63554604
199700 117 0.63580061
199800 117 0.63609275
199900 117 0.63640158
200000 117 0.63668536
200100 117 0.63696915
200200 117 0.63721538
200300 117 0.63747830
200400 118 0.63236560
200500 118 0.63260560
200600 118 0.63286629
200700 118 0.63312285
200800 119 0.62817588
200900 119 0.62847131
201000 119 0.62875853
201100 119 0.62903755
201200 119 0.62931657
201300 119 0.62959969
201400 119 0.62988281
201500 119 0.63014131
201600 119 0.63044085
201700 119 0.63068704
201800 119 0.63097016
201900 119 0.63126149
202000 119 0.63153230
202100 119 0.63182363
202200 119 0.63210675
202300 119 0.63240218
202400 119 0.63266478
202500 119 0.63296022
202600 119 0.63327206
202700 119 0.63353877
202800 119 0.63383009
202900 119 0.63412142
203000 119 0.63438813
203100 119 0.63466304
203200 119 0.63494617
203300 119 0.63522108
203400 119 0.63550010
203500 119 0.63576681
203600 119 0.63604582
203700 119 0.63633715
203800 119 0.63660796
203900 119 0.63684595
204000 119 0.63714138
204100 119 0.63742040
204200 119 0.63771173
204300 119 0.63798664
204400 119 0.63831490
204500 119 0.63858981
204600 119 0.63886473
204700 119 0.63911502
204800 120 0.63407389
204900 120 0.63433431
205000 120 0.63462728
205100 120 0.63489583
205200 120 0.63513184
205300 120 0.63540853
205400 120 0.63568522
205500 120 0.63596191
205600 120 0.63622640
205700 120 0.63650309
205800 120 0.63676351
205900 120 0.63703206
206000 120 0.63728027
206100 120 0.63760173
206200 120 0.63786214
206300 120 0.63814697
206400 120 0.63844808
206500 120 0.63874512
206600 120 0.63902995
206700 120 0.63932699
206800 120 0.63958740
206900 120 0.63986816
207000 120 0.64012451
207100 120 0.64037679
207200 120 0.64064535
207300 120 0.64093424
207400 120 0.64123128
207500 120 0.64151204
207600 120 0.64180501
207700 120 0.64208171
207800 120 0.64237467
207900 120 0.64264323
208000 120 0.64290771
208100 120 0.64315999
208200 120 0.64344482
208300 120 0.64370931
208400 120 0.64400635
208500 120 0.64428304
208600 120 0.64453939
208700 120 0.64482422
208800 120 0.64512126
208900 121 0.64006005
209000 121 0.64036270
209100 121 0.64064518
209200 121 0.64090344
209300 121 0.64117381
209400 121 0.64147243
209500 121 0.64173473
209600 121 0.64202124
209700 121 0.64228758
209800 121 0.64254988
209900 121 0.64280411
210000 121 0.64305026
210100 121 0.64331660
210200 121 0.64360715
210300 121 0.64388559
210400 121 0.64415596
210500 121 0.64443844
210600 121 0.64469670
210700 121 0.64493882
210800 121 0.64521726
210900 121 0.64546746
211000 121 0.64572572
211100 121 0.64595978
211200 121 0.64622611
211300 121 0.64652473
211400 121 0.64677896
211500 121 0.64703319
211600 121 0.64730356
211700 121 0.64756586
211800 121 0.64783219
211900 121 0.64811870
212000 121 0.64838504
212100 121 0.64865138
212200 121 0.64894192
212300 121 0.64920826
212400 121 0.64947459
212500 121 0.64971672
212600 121 0.64995884
212700 122 0.64484743
212800 122 0.64509958
212900 122 0.64533972
213000 123 0.64040666
213100 123 0.64067264
213200 123 0.64095846
213300 123 0.64119665
213400 123 0.64147850
213500 123 0.64175638
213600 123 0.64202236
213700 123 0.64229627
213800 123 0.64254637
213900 123 0.64277661
214000 123 0.64302671
214100 123 0.64331650
214200 123 0.64355072
214300 123 0.64380875
214400 123 0.64406282
214500 123 0.64436452
214600 123 0.64459477
214700 123 0.64485280
214800 123 0.64512671
214900 123 0.64536887
215000 123 0.64562691
215100 123 0.64589685
215200 123 0.64617473
215300 123 0.64643277
215400 123 0.64669477
215500 123 0.64694884
215600 123 0.64717908
215700 123 0.64744506
215800 123 0.64768721
215900 123 0.64794525
216000 123 0.64817947
216100 123 0.64844941
216200 123 0.64868363
216300 123 0.64889799
216400 123 0.64916397
216500 123 0.64941406
216600 123 0.64962049
216700 123 0.64992616
216800 123 0.65019214
216900 123 0.65042635
217000 123 0.65067645
217100 124 0.64574408
217200 124 0.64600003
217300 124 0.64624417
217400 124 0.64650406
217500 124 0.64671670
217600 124 0.64694903
217700 124 0.64721680
217800 124 0.64745306
217900 124 0.64771689
218000 124 0.64795709
218100 124 0.64817761
218200 124 0.64844931
218300 124 0.64870527
218400 124 0.64894153
218500 124 0.64920536
218600 124 0.64941800
218700 124 0.64967002
218800 124 0.64990234
218900 124 0.65016224
219000 124 0.65043000
219100 124 0.65068202
219200 124 0.65095766
219300 124 0.65120968
219400 124 0.65144594
219500 124 0.65169796
219600 124 0.65193029
219700 124 0.65217836
219800 124 0.65244219
219900 124 0.65267452
220000 124 0.65291472
220100 124 0.65317068
220200 124 0.65341482
220300 124 0.65364715
220400 124 0.65388735
220500 124 0.65411180
220600 124 0.65435594
220700 124 0.65458827
220800 124 0.65486391
220900 124 0.65511199
221000 124 0.65534432
221100 124 0.65559633
221200 125 0.65093359
221300 125 0.65118359
221400 125 0.65140234
221500 125 0.65166406
221600 125 0.65189453
221700 125 0.65212500
221800 125 0.65233594
221900 125 0.65258594
222000 125 0.65282812
222100 125 0.65310547
222200 125 0.65339453
222300 125 0.65361328
222400 125 0.65386328
222500 125 0.65413281
222600 125 0.65435547
222700 125 0.65458203
222800 125 0.65482422
222900 125 0.65507031
223000 125 0.65533984
223100 125 0.65555859
223200 125 0.65578125
223300 125 0.65601562
223400 125 0.65626562
223500 125 0.65651172
223600 125 0.65672656
223700 125 0.65696094
223800 125 0.65719531
223900 125 0.65746484
224000 125 0.65771875
224100 125 0.65793359
224200 125 0.65818359
224300 125 0.65843750
224400 125 0.65866406
224500 125 0.65887891
224600 125 0.65910937
224700 125 0.65934766
224800 125 0.65957813
224900 125 0.65985547
225000 125 0.66008594
225100 125 0.66031250
225200 125 0.66053516
225300 126 0.65578885
225400 126 0.65601361
225500 126 0.65621900
225600 126 0.65649027
225700 126 0.65672278
225800 126 0.65697080
225900 126 0.65722656
226000 126 0.65743583
226100 126 0.65766059
226200 126 0.65795511
226300 126 0.65820700
226400 126 0.65845502
226500 126 0.65867591
226600 126 0.65892005
226700 126 0.65913318
226800 126 0.65936182
226900 126 0.65960209
227000 126 0.65985011
227100 126 0.66006324
227200 126 0.66029188
227300 126 0.66047015
227400 126 0.66071816
227500 126 0.66094293
227600 126 0.66122194
227700 126 0.66145833
227800 126 0.66166372
227900 126 0.66188849
228000 126 0.66215588
228100 126 0.66238064
228200 126 0.66259378
228300 126 0.66284567
228400 126 0.66306269
228500 126 0.66328745
228600 126 0.66352772
228700 126 0.66374860
228800 126 0.66400437
228900 126 0.66425239
229000 126 0.66447715
229100 126 0.66466704
229200 126 0.66485693
229300 126 0.66511657
229400 127 0.66012934
229500 127 0.66036002
229600 127 0.66056379
229700 127 0.66081370
229800 127 0.66105976
229900 127 0.66127507
230000 127 0.66149422
230100 127 0.66171337
230200 127 0.66192483
230300 127 0.66217474
230400 127 0.66240157
230500 127 0.66262072
230600 127 0.66285525
230700 127 0.66307440
230800 127 0.66331278
230900 127 0.66355115
231000 128 0.65858078
231100 128 0.65881729
231200 128 0.65904617
231300 128 0.65925598
231400 128 0.65952682
231500 128 0.65975571
231600 128 0.66000366
231700 128 0.66023254
231800 128 0.66047668
231900 128 0.66071701
232000 128 0.66093445
232100 128 0.66115570
232200 128 0.66137695
232300 128 0.66160965
232400 128 0.66182709
232500 128 0.66204453
232600 128 0.66223907
232700 128 0.66251373
232800 128 0.66273499
232900 128 0.66296768
233000 128 0.66319275
233100 128 0.66343689
233200 128 0.66370773
233300 128 0.66391754
233400 128 0.66413879
233500 129 0.65943329
233600 129 0.65964904
233700 129 0.65987994
233800 129 0.66009947
233900 129 0.66033794
234000 129 0.66054612
234100 129 0.66080729
234200 129 0.66104575
234300 129 0.66127286
234400 129 0.66149997
234500 129 0.66170058
234600 129 0.66191633
234700 129 0.66211316
234800 129 0.66232891
234900 129 0.66257495
235000 129 0.66279448
235100 129 0.66301023
235200 129 0.66325248
235300 129 0.66344552
235400 129 0.66369156
235500 129 0.66389217
235600 129 0.66414956
235700 129 0.66434260
235800 129 0.66458485
235900 129 0.66479681
236000 129 0.66503906
236100 129 0.66526996
236200 129 0.66548192
236300 129 0.66572039
236400 129 0.66594371
236500 129 0.66618974
236600 129 0.66642063
236700 129 0.66664396
236800 129 0.66686728
236900 129 0.66708303
237000 129 0.66732149
237100 129 0.66755996
237200 129 0.66779842
237300 129 0.66801039
237400 129 0.66826020
237500 129 0.66846460
237600 130 0.66361178
237700 130 0.66382587
237800 130 0.66405123
237900 130 0.66425781
238000 130 0.66448317
238100 130 0.66470853
238200 130 0.66491136
238300 130 0.66513672
238400 130 0.66537335
238500 130 0.66561373
238600 131 0.66074517
238700 131 0.66094645
238800 131 0.66117009
238900 131 0.66140491
239000 131 0.66163600
239100 131 0.66185964
239200 131 0.66209074
239300 131 0.66233302
239400 131 0.66254920
239500 131 0.66280639
239600 131 0.66301512
239700 131 0.66323503
239800 131 0.66345494
239900 131 0.66366740
240000 131 0.66388359
240100 131 0.66412214
240200 131 0.66434951
240300 131 0.66459551
240400 131 0.66482288
240500 131 0.66505770
240600 131 0.66527016
240700 131 0.66549007
240800 131 0.66570998
240900 131 0.66598581
241000 131 0.66620945
241100 131 0.66644800
241200 131 0.66667536
241300 131 0.66689528
241400 131 0.66708910
241500 131 0.66735747
241600 131 0.66761093
241700 133 0.65789474
241800 133 0.65815540
241900 133 0.65838669
242000 133 0.65861798
242100 133 0.65887497
242200 133 0.65906588
242300 133 0.65929717
242400 133 0.65953213
242500 133 0.65973405
242600 133 0.65996167
242700 133 0.66020398
242800 133 0.66044628
242900 133 0.66066289
243000 133 0.66090152
243100 133 0.66111813
243200 133 0.66135676
243300 133 0.66157337
243400 133 0.66180099
243500 133 0.66203595
243600 133 0.66225990
243700 133 0.66248385
243800 133 0.66271147
243900 133 0.66293909
244000 133 0.66316671
244100 133 0.66336496
244200 133 0.66360359
244300 133 0.66381652
244400 133 0.66403680
244500 133 0.66424239
244600 133 0.66444431
244700 133 0.66467928
244800 133 0.66491057
244900 133 0.66513819
245000 133 0.66534378
245100 134 0.66062267
245200 134 0.66081215
245300 134 0.66105993
245400 134 0.66127128
245500 134 0.66149720
245600 134 0.66171219
245700 134 0.66194904
245800 135 0.65720486
245900 135 0.65742188
246000 135 0.65763527
246100 135 0.65784505
246200 135 0.65806930
246300 135 0.65831525
246400 135 0.65850694
246500 135 0.65874928
246600 135 0.65894821
246700 135 0.65918692
246800 135 0.65939670
246900 135 0.65960648
247000 136 0.65497544
247100 136 0.65518368
247200 137 0.65059734
247300 137 0.65083614
247400 137 0.65102503
247500 137 0.65126383
247600 137 0.65145273
247700 137 0.65165944
247800 137 0.65187329
247900 137 0.65212278
248000 137 0.65234731
248100 137 0.65255760
248200 137 0.65277857
248300 137 0.65301380
248400 137 0.65322765
248500 137 0.65343436
248600 137 0.65366603
248700 137 0.65388344
248800 137 0.65410798
248900 137 0.65430400
249000 137 0.65453211
249100 137 0.65475664
249200 137 0.65497405
249300 137 0.65519503
249400 137 0.65540887
249500 137 0.65563698
249600 137 0.65582587
249700 137 0.65601833
249800 137 0.65624644
249900 138 0.65196516
250000 138 0.65218807
250100 138 0.65242867
250200 138 0.65264450
250300 138 0.65288157
250400 138 0.65309386
250500 139 0.64863422
250600 139 0.64887309
250700 139 0.64908035
250800 139 0.64930165
250900 139 0.64956160
251000 139 0.64976886
251100 139 0.64997611
251200 139 0.65019742
251300 139 0.65038711
251400 139 0.65060491
251500 139 0.65081216
251600 139 0.65104752
251700 139 0.65130044
251800 139 0.65153229
251900 139 0.65173955
252000 139 0.65195734
252100 139 0.65215055
252200 139 0.65236834
252300 139 0.65260370
252400 139 0.65283203
252500 139 0.65306388
252600 139 0.65327465
252700 139 0.65348190
252800 139 0.65369618
252900 139 0.65392100
253000 139 0.65412826
253100 140 0.64968959
253200 140 0.64992327
253300 140 0.65011161
253400 140 0.65032785
253500 140 0.65053362
253600 140 0.65075335
253700 140 0.65097656
253800 140 0.65121373
253900 140 0.65145438
254000 141 0.64721853
254100 141 0.64743670
254200 141 0.64768949
254300 141 0.64787650
254400 141 0.64809120
254500 141 0.64829552
254600 141 0.64850676
254700 141 0.64870761
254800 141 0.64893271
254900 141 0.64917512
255000 141 0.64938290
255100 141 0.64959414
255200 141 0.64980884
255300 141 0.65001662
255400 141 0.65024172
255500 141 0.65042525
255600 141 0.65066074
255700 141 0.65085467
255800 141 0.65106591
255900 141 0.65123906
256000 141 0.65144337
256100 141 0.65164769
256200 141 0.65187278
256300 141 0.65208403
256400 142 0.64770852
256500 142 0.64791827
256600 142 0.64813834
256700 142 0.64833434
256800 142 0.64853722
256900 142 0.64875385
257000 142 0.64899799
257100 142 0.64921119
257200 142 0.64942782
257300 142 0.64964445
257400 142 0.64984733
257500 142 0.65005708
257600 142 0.65025996
257700 142 0.65048003
257800 142 0.65068634
257900 142 0.65088234
258000 142 0.65110242
258100 143 0.64691461
258200 143 0.64712631
258300 143 0.64732094
258400 143 0.64753606
258500 143 0.64777849
258600 143 0.64799361
258700 143 0.64820531
258800 143 0.64843750
258900 143 0.64863896
259000 143 0.64886432
259100 143 0.64906236
259200 143 0.64928089
259300 143 0.64946528
259400 143 0.64968381
259500 143 0.64990234
259600 143 0.65015502
259700 143 0.65037355
259800 143 0.65059208
259900 143 0.65081744
260000 143 0.65103939
260100 143 0.65123402
260200 143 0.65148670
260300 143 0.65168816
260400 143 0.65191352
260500 143 0.65214229
260600 143 0.65237107
260700 143 0.65260326
260800 143 0.65280471
260900 143 0.65302666
261000 143 0.65323495
261100 143 0.65343982
261200 143 0.65365494
261300 143 0.65388030
261400 143 0.65408517
261500 143 0.65426614
261600 143 0.65448468
261700 143 0.65471687
261800 143 0.65492515
261900 143 0.65513686
262000 143 0.65537929
262100 143 0.65556709
262200 144 0.65120782
262300 144 0.65144179
262400 144 0.65164524
262500 144 0.65187920
262600 144 0.65208266
262700 144 0.65227254
262800 144 0.65251329
262900 144 0.65272692
263000 144 0.65294393
263100 144 0.65315755
263200 144 0.65339491
263300 144 0.65359497
263400 144 0.65382555
263500 144 0.65403917
263600 144 0.65426636
263700 144 0.65449354
263800 144 0.65472073
263900 144 0.65494453
264000 144 0.65514798
264100 144 0.65537855
264200 144 0.65561252
264300 144 0.65585666
264400 144 0.65606689
264500 144 0.65629408
264600 144 0.65651109
264700 144 0.65672472
264800 144 0.65693834
264900 144 0.65716553
265000 144 0.65738932
265100 144 0.65764364
265200 144 0.65786743
265300 144 0.65808784
265400 144 0.65831502
265500 144 0.65855238
265600 144 0.65876940
265700 144 0.65899997
265800 144 0.65924072
265900 144 0.65946113
266000 144 0.65968492
266100 144 0.65988837
266200 144 0.66012234
266300 145 0.65594356
266400 145 0.65617255
266500 145 0.65641837
266600 145 0.65665746
266700 145 0.65690329
266800 145 0.65713564
266900 145 0.65734779
267000 145 0.65757004
267100 145 0.65781250
267200 145 0.65802128
267300 145 0.65823680
267400 145 0.65848599
267500 145 0.65871835
267600 145 0.65894060
267700 145 0.65916622
267800 145 0.65938173
267900 145 0.65959388
268000 145 0.65981614
268100 145 0.66002829
268200 145 0.66025391
268300 145 0.66049300
268400 145 0.66072198
268500 145 0.66091730
268600 145 0.66114291
268700 145 0.66136180
268800 145 0.66158405
268900 145 0.66177936
269000 145 0.66198815
269100 145 0.66221040
269200 145 0.66246633
269300 145 0.66266837
269400 145 0.66292767
269500 145 0.66318359
269600 145 0.66340248
269700 145 0.66362473
269800 145 0.66385035
269900 145 0.66409281
270000 145 0.66432179
270100 145 0.66456425
270200 145 0.66477977
270300 145 0.66499529
270400 146 0.66074152
270500 146 0.66095890
270600 146 0.66118967
270700 146 0.66141709
270800 146 0.66164116
270900 146 0.66188530
271000 146 0.66212944
271100 146 0.66235352
271200 146 0.66261438
271300 146 0.66287190
271400 146 0.66307590
271500 146 0.66327991
271600 146 0.66349730
271700 146 0.66373475
271800 146 0.66394879
271900 146 0.66417621
272000 146 0.66436350
272100 146 0.66458423
272200 146 0.66479827
272300 146 0.66502234
272400 146 0.66522300
272500 146 0.66544373
272600 146 0.66567450
272700 146 0.66591529
272800 146 0.66616947
272900 146 0.66640357
273000 146 0.66664772
273100 146 0.66687179
273200 146 0.66709252
273300 146 0.66733332
273400 146 0.66757077
273500 146 0.66781491
273600 146 0.66803564
273700 146 0.66827309
273800 146 0.66850051
273900 146 0.66870117
274000 146 0.66892190
274100 146 0.66914598
274200 146 0.66940349
274300 146 0.66962088
274400 146 0.66984495
274500 147 0.66554395
274600 147 0.66576318
274700 147 0.66599570
274800 147 0.66622489
274900 147 0.66645076
275000 147 0.66663677
275100 147 0.66685932
275200 147 0.66706194
275300 147 0.66727785
275400 147 0.66748379
275500 147 0.66770634
275600 147 0.66791893
275700 147 0.66813151
275800 147 0.66837399
275900 147 0.66863972
276000 147 0.66886891
276100 147 0.66910143
276200 147 0.66931401
276300 147 0.66954653
276400 147 0.66978237
276500 147 0.67002152
276600 147 0.67022082
276700 147 0.67044337
276800 147 0.67065928
276900 147 0.67089512
277000 147 0.67109441
277100 147 0.67132693
277200 147 0.67156941
277300 147 0.67179860
277400 147 0.67199790
277500 147 0.67221049
277600 147 0.67241975
277700 147 0.67265559
277800 147 0.67287149
277900 147 0.67310733
278000 147 0.67333652
278100 147 0.67354246
278200 147 0.67379159
278300 147 0.67400085
278400 147 0.67421344
278500 147 0.67442602
278600 148 0.67030128
278700 148 0.67050253
278800 148 0.67071368
278900 148 0.67092813
279000 148 0.67115248
279100 148 0.67139332
279200 148 0.67162426
279300 148 0.67185850
279400 148 0.67207625
279500 148 0.67230390
279600 148 0.67250845
279700 148 0.67274929
279800 148 0.67296703
279900 148 0.67320128
280000 148 0.67343552
280100 148 0.67366646
280200 148 0.67390071
280300 148 0.67412835
280400 148 0.67436589
280500 148 0.67459354
280600 148 0.67481129
280700 148 0.67503233
280800 148 0.67526987
280900 148 0.67548432
281000 148 0.67570867
281100 148 0.67596271
281200 148 0.67622004
281300 148 0.67644439
281400 148 0.67666543
281500 148 0.67689968
281600 148 0.67711083
281700 148 0.67732857
281800 148 0.67753972
281900 148 0.67778716
282000 148 0.67800161
282100 148 0.67823585
282200 148 0.67847010
282300 148 0.67872413
282400 148 0.67895508
282500 148 0.67917942
282600 148 0.67941037
282700 149 0.67506357
282800 149 0.67527658
282900 149 0.67552236
283000 149 0.67575176
283100 149 0.67597460
283200 149 0.67621054
283300 149 0.67641700
283400 149 0.67665622
283500 149 0.67691183
283600 149 0.67715761
283700 149 0.67739356
283800 149 0.67762623
283900 149 0.67786546
284000 149 0.67807191
284100 149 0.67828492
284200 149 0.67850776
284300 149 0.67872077
284400 149 0.67893705
284500 149 0.67913695
284600 149 0.67939584
284700 149 0.67961540
284800 149 0.67983169
284900 149 0.68007419
285000 149 0.68029376
285100 149 0.68053298
285200 149 0.68077548
285300 149 0.68101471
285400 149 0.68124410
285500 149 0.68143745
285600 149 0.68165046
285700 149 0.68189624
285800 149 0.68213218
285900 149 0.68237796
286000 149 0.68262374
286100 149 0.68281709
286200 149 0.68304648
286300 149 0.68328898
286400 149 0.68353476
286500 149 0.68374777
286600 149 0.68399683
286700 149 0.68419673
286800 150 0.68008138
286900 150 0.68030924
287000 150 0.68055013
287100 150 0.68075521
287200 150 0.68096680
287300 150 0.68120443
287400 150 0.68142578
287500 150 0.68166667
287600 150 0.68187826
287700 150 0.68211914
287800 150 0.68237305
287900 150 0.68262370
288000 150 0.68285156
288100 150 0.68308594
288200 150 0.68331055
288300 150 0.68351562
288400 150 0.68375651
288500 150 0.68401042
288600 150 0.68422526
288700 150 0.68448568
288800 150 0.68469727
288900 150 0.68493815
289000 150 0.68515951
289100 150 0.68538086
289200 150 0.68558919
289300 150 0.68580078
289400 150 0.68601563
289500 150 0.68625977
289600 150 0.68645833
289700 150 0.68667643
289800 150 0.68689453
289900 150 0.68714518
290000 150 0.68739909
290100 150 0.68759440
290200 150 0.68780599
290300 150 0.68801758
290400 150 0.68825846
290500 150 0.68847656
290600 150 0.68868490
290700 150 0.68889648
290800 150 0.68913737
290900 150 0.68942708
291000 151 0.68506829
291100 151 0.68526878
291200 151 0.68546927
291300 151 0.68568269
291400 151 0.68592198
291500 151 0.68613540
291600 151 0.68635205
291700 151 0.68657518
291800 151 0.68679830
291900 151 0.68700202
292000 151 0.68721221
292100 151 0.68744826
292200 151 0.68767138
292300 151 0.68788157
292400 151 0.68810793
292500 151 0.68833105
292600 151 0.68854447
292700 151 0.68876112
292800 151 0.68898748
292900 151 0.68919767
293000 151 0.68942726
293100 151 0.68964714
293200 151 0.68986380
293300 151 0.69007722
293400 151 0.69030034
293500 151 0.69052023
293600 151 0.69073365
293700 151 0.69097617
293800 151 0.69123163
293900 151 0.69143859
294000 151 0.69167141
294100 151 0.69187513
294200 151 0.69208532
294300 151 0.69231167
294400 151 0.69256390
294500 151 0.69279672
294600 151 0.69303278
294700 151 0.69325590
294800 151 0.69346932
294900 151 0.69368274
295000 151 0.69394467
295100 153 0.68509370
295200 153 0.68530433
295300 153 0.68550539
295400 153 0.68572878
295500 153 0.68594261
295600 153 0.68615643
295700 153 0.68635110
295800 153 0.68657131
295900 153 0.68677875
296000 153 0.68699895
296100 153 0.68723192
296200 153 0.68747128
296300 153 0.68766914
296400 153 0.68788935
296500 153 0.68811275
296600 153 0.68833933
296700 153 0.68856273
296800 153 0.68878932
296900 153 0.68900314
297000 153 0.68923292
297100 153 0.68944036
297200 153 0.68967652
297300 153 0.68990311
297400 153 0.69012331
297500 153 0.69034352
297600 153 0.69056053
297700 153 0.69078074
297800 153 0.69100414
297900 153 0.69120200
298000 153 0.69143178
298100 153 0.69165837
298200 153 0.69188496
298300 153 0.69212431
298400 153 0.69236686
298500 153 0.69258068
298600 153 0.69279769
298700 153 0.69302747
298800 153 0.69324768
298900 153 0.69344873
299000 153 0.69364979
299100 154 0.68942142
299200 154 0.68964971
299300 154 0.68986848
299400 154 0.69005872
299500 154 0.69028067
299600 154 0.69051847
299700 154 0.69075944
299800 154 0.69099406
299900 154 0.69123186
300000 154 0.69147918
300100 154 0.69169161
300200 154 0.69189770
300300 154 0.69211331
300400 154 0.69231940
300500 154 0.69253183
300600 154 0.69275061
300700 154 0.69298524
300800 154 0.69316596
300900 154 0.69337523
301000 154 0.69358766
301100 154 0.69377156
301200 154 0.69399985
301300 154 0.69420594
301400 154 0.69439618
301500 154 0.69461178
301600 155 0.69036983
301700 155 0.69060295
301800 155 0.69080456
301900 155 0.69103453
302000 155 0.69126134
302100 155 0.69147870
302200 155 0.69168977
302300 155 0.69188508
302400 155 0.69212135
302500 155 0.69232611
302600 155 0.69254347
302700 155 0.69276399
302800 155 0.69297190
302900 155 0.69318926
303000 155 0.69337828
303100 155 0.69359249
303200 155 0.69387916
303300 155 0.69407762
303400 155 0.69428553
303500 156 0.69005096
303600 156 0.69026693
303700 156 0.69047664
303800 156 0.69069887
303900 156 0.69092110
304000 156 0.69110577
304100 156 0.69131548
304200 156 0.69152206
304300 156 0.69175055
304400 157 0.68757775
304500 157 0.68780168
304600 157 0.68800694
304700 157 0.68822154
304800 157 0.68843613
304900 157 0.68864451
305000 157 0.68882178
305100 157 0.68906126
305200 157 0.68926341
305300 157 0.68946868
305400 157 0.68965217
305500 157 0.68985743
305600 157 0.69008136
305700 157 0.69029284
305800 157 0.69051988
305900 157 0.69072514
306000 157 0.69092730
306100 157 0.69113256
306200 157 0.69133472
306300 157 0.69152443
306400 157 0.69173281
306500 157 0.69197228
306600 157 0.69219310
306700 157 0.69239525
306800 157 0.69261918
306900 157 0.69283377
307000 157 0.69301416
307100 157 0.69322875
307200 157 0.69353976
307300 158 0.68938823
307400 158 0.68962001
307500 158 0.68982397
307600 158 0.69002176
307700 158 0.69021954
307800 158 0.69040805
307900 158 0.69061202
308000 158 0.69082217
308100 158 0.69103231
308200 158 0.69122083
308300 158 0.69141861
308400 158 0.69163803
308500 158 0.69185127
308600 158 0.69207995
308700 158 0.69226538
308800 158 0.69247552
308900 158 0.69269803
309000 158 0.69288036
309100 158 0.69308742
309200 158 0.69332229
309300 158 0.69353553
309400 158 0.69373331
309500 158 0.69394964
309600 158 0.69415670
309700 158 0.69440084
309800 158 0.69460480
309900 158 0.69483040
310000 158 0.69503127
310100 158 0.69524142
310200 158 0.69545157
310300 158 0.69568644
310400 158 0.69589967
310500 158 0.69609746
310600 158 0.69631379
310700 159 0.69213099
310800 159 0.69234903
310900 159 0.69257321
311000 159 0.69274826
311100 159 0.69296015
311200 159 0.69315976
311300 160 0.68894348
311400 160 0.68914795
311500 160 0.68935242
311600 160 0.68953247
311700 160 0.68972778
311800 160 0.68995056
311900 160 0.69015808
312000 160 0.69036255
312100 160 0.69059448
312200 160 0.69078979
312300 160 0.69096680
312400 160 0.69118652
312500 160 0.69138489
312600 160 0.69159546
312700 160 0.69180908
312800 160 0.69202271
312900 160 0.69222717
313000 160 0.69241333
313100 160 0.69264526
313200 160 0.69284363
313300 160 0.69306335
313400 160 0.69324646
313500 160 0.69344482
313600 160 0.69364624
313700 160 0.69388428
313800 160 0.69408264
313900 160 0.69425964
314000 160 0.69443054
314100 160 0.69463501
314200 160 0.69484253
314300 160 0.69504700
314400 160 0.69524841
314500 160 0.69544678
314600 160 0.69562073
314700 160 0.69582825
314800 160 0.69600830
314900 160 0.69622498
315000 160 0.69644470
315100 160 0.69664917
315200 160 0.69683838
315300 160 0.69702759
315400 161 0.69293175
315500 162 0.68885634
315600 162 0.68905225
315700 162 0.68923611
315800 162 0.68943805
315900 162 0.68965205
316000 162 0.68986907
316100 162 0.69006197
316200 162 0.69026391
316300 162 0.69044777
316400 162 0.69064972
316500 162 0.69083659
316600 162 0.69103552
316700 162 0.69124349
316800 162 0.69143639
316900 162 0.69164738
317000 162 0.69186138
317100 162 0.69204825
317200 162 0.69224718
317300 162 0.69244912
317400 162 0.69262695
317500 162 0.69281684
317600 162 0.69301878
317700 162 0.69322374
317800 162 0.69342870
317900 162 0.69363064
318000 162 0.69382957
318100 162 0.69403453
318200 162 0.69424853
318300 162 0.69446554
318400 162 0.69466447
318500 162 0.69486039
318600 162 0.69505027
318700 163 0.69097488
318800 163 0.69116660
318900 163 0.69136431
319000 163 0.69156202
319100 163 0.69173576
319200 163 0.69192748
319300 163 0.69209823
319400 164 0.68806271
319500 165 0.68413826
319600 165 0.68433357
319700 165 0.68454960
319800 165 0.68474195
319900 165 0.68494614
320000 165 0.68515625
320100 165 0.68536636
320200 165 0.68557055
320300 165 0.68579841
320400 165 0.68597301
320500 165 0.68617424
320600 165 0.68635476
320700 165 0.68654415
320800 165 0.68673355
320900 165 0.68694070
321000 165 0.68711529
321100 165 0.68729581
321200 165 0.68747929
321300 165 0.68768348
321400 165 0.68787583
321500 165 0.68805043
321600 165 0.68823686
321700 165 0.68844105
321800 165 0.68864820
321900 165 0.68883464
322000 165 0.68903291
322100 165 0.68923118
322200 165 0.68943241
322300 165 0.68962772
322400 165 0.68981120
322500 165 0.69000947
322600 165 0.69017519
322700 165 0.69035866
322800 165 0.69056286
322900 165 0.69074337
323000 165 0.69093277
323100 165 0.69111920
323200 165 0.69128196
323300 165 0.69148319
323400 165 0.69168146
323500 165 0.69188565
323600 166 0.68775885
323700 166 0.68796181
323800 166 0.68815006
323900 166 0.68833831
324000 166 0.68854127
324100 166 0.68873541
324200 166 0.68891778
324300 166 0.68910603
324400 167 0.68515800
324500 167 0.68533636
324600 167 0.68552933
324700 167 0.68572523
324800 167 0.68593282
324900 167 0.68613749
325000 167 0.68630123
325100 167 0.68648835
325200 167 0.68667548
325300 167 0.68685383
325400 167 0.68703803
325500 167 0.68724855
325600 167 0.68747661
325700 167 0.68765789
325800 168 0.68375651
325900 168 0.68394834
326000 168 0.68412853
326100 168 0.68428548
326200 169 0.68043292
326300 169 0.68061783
326400 169 0.68078541
326500 169 0.68098477
326600 169 0.68116968
326700 169 0.68135748
326800 169 0.68155395
326900 169 0.68171863
327000 169 0.68189199
327100 169 0.68206823
327200 169 0.68223003
327300 169 0.68240627
327400 169 0.68258252
327500 169 0.68278476
327600 169 0.68298412
327700 169 0.68313147
327800 169 0.68332505
327900 169 0.68353019
328000 169 0.68370354
328100 169 0.68387978
328200 170 0.68004653
328300 170 0.68023897
328400 170 0.68044003
328500 170 0.68063247
328600 170 0.68083640
328700 170 0.68102884
328800 170 0.68122128
328900 170 0.68139361
329000 170 0.68157456
329100 170 0.68177275
329200 170 0.68196806
329300 170 0.68212603
329400 170 0.68231273
329500 170 0.68251091
329600 170 0.68268038
329700 170 0.68288718
329800 170 0.68306239
329900 170 0.68324046
330000 170 0.68342716
330100 170 0.68363683
330200 170 0.68384076
330300 170 0.68400735
330400 170 0.68421128
330500 170 0.68440085
330600 170 0.68458467
330700 170 0.68476275
330800 170 0.68494370
330900 170 0.68512466
331000 170 0.68532858
331100 170 0.68550666
331200 170 0.68567900
331300 170 0.68582261
331400 170 0.68600356
331500 170 0.68619313
331600 170 0.68637983
331700 171 0.68252867
331800 171 0.68273141
331900 171 0.68288274
332000 171 0.68305122
332100 171 0.68322825
332200 171 0.68341100
332300 172 0.67964208
332400 172 0.67982376
332500 172 0.68000829
332600 172 0.68019281
332700 172 0.68036882
332800 172 0.68054199
332900 172 0.68072368
333000 172 0.68088549
333100 172 0.68107002
333200 172 0.68122331
333300 172 0.68139932
333400 172 0.68158953
333500 172 0.68175418
333600 172 0.68193019
333700 172 0.68211471
333800 172 0.68229072
333900 172 0.68248376
334000 172 0.68268248
334100 172 0.68282442
334200 172 0.68299475
334300 172 0.68320483
334400 172 0.68336380
334500 172 0.68355685
This item is represented 16 times in the filter. Both buckets filled by the same fingerprint - cuckoo not possible
Params: 0x564657bef5c0 20 189 147 00000000000000000000000000001001 1

Bucket full or something, error: Bucket capacity reached
